time	V(b1)	V(b2)	V(b3)	V(vb)
0.000000000000000e+000	2.089625e+000	1.993588e+000	2.087239e+000	4.000000e+000
1.872457135375174e-007	2.089624e+000	1.993587e+000	2.087239e+000	4.000000e+000
3.744914270750348e-007	2.089622e+000	1.993586e+000	2.087238e+000	4.000000e+000
5.617371406125522e-007	2.089620e+000	1.993584e+000	2.087236e+000	4.000000e+000
7.489828541500696e-007	2.089616e+000	1.993581e+000	2.087235e+000	4.000000e+000
9.362285676875869e-007	2.089612e+000	1.993579e+000	2.087232e+000	4.000000e+000
1.123474281225104e-006	2.089607e+000	1.993576e+000	2.087230e+000	4.000000e+000
1.310719994762621e-006	2.089601e+000	1.993572e+000	2.087227e+000	4.000000e+000
2.310719994762621e-006	2.089569e+000	1.993559e+000	2.087208e+000	4.000000e+000
3.310719994762621e-006	2.089535e+000	1.993552e+000	2.087181e+000	4.000000e+000
4.310719994762621e-006	2.089511e+000	1.993551e+000	2.087141e+000	4.000000e+000
5.310719994762620e-006	2.089510e+000	1.993539e+000	2.087093e+000	4.000000e+000
6.310719994762620e-006	2.089534e+000	1.993495e+000	2.087050e+000	4.000000e+000
7.310719994762620e-006	2.089563e+000	1.993408e+000	2.087042e+000	4.000000e+000
8.310719994762620e-006	2.089555e+000	1.993294e+000	2.087091e+000	4.000000e+000
9.310719994762621e-006	2.089455e+000	1.993223e+000	2.087193e+000	4.000000e+000
1.031071999476262e-005	2.089246e+000	1.993292e+000	2.087284e+000	4.000000e+000
1.131071999476262e-005	2.089002e+000	1.993572e+000	2.087245e+000	4.000000e+000
1.231071999476262e-005	2.088914e+000	1.993997e+000	2.086957e+000	4.000000e+000
1.331071999476262e-005	2.089225e+000	1.994285e+000	2.086422e+000	4.000000e+000
1.431071999476262e-005	2.090049e+000	1.993984e+000	2.085891e+000	4.000000e+000
1.531071999476262e-005	2.091108e+000	1.992737e+000	2.085891e+000	4.000000e+000
1.631071999476262e-005	2.091585e+000	1.990749e+000	2.086991e+000	4.000000e+000
1.731071999476262e-005	2.090352e+000	1.989192e+000	2.089284e+000	4.000000e+000
1.831071999476263e-005	2.086758e+000	1.990093e+000	2.091764e+000	4.000000e+000
1.931071999476263e-005	2.081814e+000	1.995230e+000	2.092138e+000	4.000000e+000
2.031071999476263e-005	2.078996e+000	2.004080e+000	2.087708e+000	4.000000e+000
2.131071999476263e-005	2.083443e+000	2.011835e+000	2.077635e+000	4.000000e+000
2.231071999476263e-005	2.098598e+000	2.009520e+000	2.065827e+000	4.000000e+000
2.331071999476263e-005	2.121014e+000	1.988403e+000	2.062183e+000	4.000000e+000
2.431071999476263e-005	2.136335e+000	1.948959e+000	2.079097e+000	4.000000e+000
2.531071999476263e-005	2.121716e+000	1.910328e+000	2.121909e+000	4.000000e+000
2.631071999476263e-005	2.065490e+000	1.898216e+000	2.181590e+000	4.000000e+000
2.678646342364486e-005	2.021517e+000	1.913762e+000	2.210096e+000	4.000000e+000
2.706211371399335e-005	1.990638e+000	1.934614e+000	2.223478e+000	4.000000e+000
2.723407339209326e-005	1.970667e+000	1.952512e+000	2.229074e+000	4.000000e+000
2.745452142201784e-005	1.945042e+000	1.979516e+000	2.232695e+000	4.000000e+000
2.763760806347300e-005	1.923978e+000	2.004239e+000	2.232551e+000	4.000000e+000
2.783588730782144e-005	1.901678e+000	2.033025e+000	2.228182e+000	4.000000e+000
2.810602476999145e-005	1.872382e+000	2.074184e+000	2.216119e+000	4.000000e+000
2.832735749149015e-005	1.849606e+000	2.109048e+000	2.201249e+000	4.000000e+000
2.847913428047197e-005	1.835124e+000	2.133496e+000	2.187870e+000	4.000000e+000
2.861147185875273e-005	1.823855e+000	2.155082e+000	2.173959e+000	4.000000e+000
2.876627585685635e-005	1.812735e+000	2.180495e+000	2.155769e+000	4.000000e+000
2.890999604946248e-005	1.804804e+000	2.204137e+000	2.137678e+000	4.000000e+000
2.905986558563616e-005	1.799566e+000	2.228729e+000	2.117993e+000	4.000000e+000
2.924476301030232e-005	1.798395e+000	2.258676e+000	2.093009e+000	4.000000e+000
2.961455785963464e-005	1.807587e+000	2.317280e+000	2.042100e+000	4.000000e+000
2.982347211289924e-005	1.819420e+000	2.349335e+000	2.013032e+000	4.000000e+000
2.999886859560137e-005	1.834466e+000	2.375218e+000	1.988492e+000	4.000000e+000
3.012347034057062e-005	1.847640e+000	2.392928e+000	1.971051e+000	4.000000e+000
3.024886949957089e-005	1.862963e+000	2.410013e+000	1.953517e+000	4.000000e+000
3.040322524759652e-005	1.883790e+000	2.430082e+000	1.931983e+000	4.000000e+000
3.053284312693648e-005	1.902663e+000	2.445931e+000	1.913962e+000	4.000000e+000
3.070008253046017e-005	1.928618e+000	2.464486e+000	1.890840e+000	4.000000e+000
3.095070477401975e-005	1.969377e+000	2.488780e+000	1.856434e+000	4.000000e+000
3.111753827703150e-005	1.997505e+000	2.501895e+000	1.833729e+000	4.000000e+000
3.126312566753886e-005	2.022731e+000	2.510047e+000	1.814111e+000	4.000000e+000
3.140791822071904e-005	2.048245e+000	2.514966e+000	1.794781e+000	4.000000e+000
3.151216901092459e-005	2.066857e+000	2.516082e+000	1.781007e+000	4.000000e+000
3.165651667433104e-005	2.092963e+000	2.513162e+000	1.762227e+000	4.000000e+000
3.194521200114395e-005	2.145735e+000	2.498026e+000	1.725329e+000	4.000000e+000
3.210267971678331e-005	2.174770e+000	2.484621e+000	1.705605e+000	4.000000e+000
3.221257998308464e-005	2.195167e+000	2.471976e+000	1.692120e+000	4.000000e+000
3.230688961481852e-005	2.212729e+000	2.459236e+000	1.680749e+000	4.000000e+000
3.243122350262041e-005	2.235934e+000	2.440771e+000	1.665995e+000	4.000000e+000
3.251324441529846e-005	2.251267e+000	2.427886e+000	1.656426e+000	4.000000e+000
3.262797759266879e-005	2.272740e+000	2.409133e+000	1.643358e+000	4.000000e+000
3.285744394740945e-005	2.315687e+000	2.370598e+000	1.618110e+000	4.000000e+000
3.317441700906719e-005	2.374845e+000	2.316233e+000	1.585241e+000	4.000000e+000
3.365705979837513e-005	2.463983e+000	2.232593e+000	1.541016e+000	4.000000e+000
3.442994434030986e-005	2.603864e+000	2.099219e+000	1.487202e+000	4.000000e+000
3.503980337402390e-005	2.711231e+000	1.995438e+000	1.465245e+000	4.000000e+000
3.529414993691514e-005	2.754541e+000	1.952944e+000	1.466912e+000	4.000000e+000
3.553061640877313e-005	2.793519e+000	1.914094e+000	1.477237e+000	4.000000e+000
3.579044015899965e-005	2.835110e+000	1.871980e+000	1.495462e+000	4.000000e+000
3.601324906120736e-005	2.869735e+000	1.836323e+000	1.516178e+000	4.000000e+000
3.616013271093575e-005	2.891906e+000	1.813087e+000	1.532666e+000	4.000000e+000
3.628895470421792e-005	2.910812e+000	1.792922e+000	1.549146e+000	4.000000e+000
3.644858788998188e-005	2.933583e+000	1.768178e+000	1.571577e+000	4.000000e+000
3.661478191924666e-005	2.956501e+000	1.742697e+000	1.596764e+000	4.000000e+000
3.681128423241373e-005	2.982514e+000	1.712936e+000	1.628410e+000	4.000000e+000
3.700609796352473e-005	3.006792e+000	1.683914e+000	1.661488e+000	4.000000e+000
3.738284644497849e-005	3.048923e+000	1.629187e+000	1.728745e+000	4.000000e+000
3.799276691063486e-005	3.104672e+000	1.543681e+000	1.842199e+000	4.000000e+000
3.865611076149783e-005	3.147054e+000	1.454378e+000	1.969114e+000	4.000000e+000
3.900147316003262e-005	3.157247e+000	1.409648e+000	2.036160e+000	4.000000e+000
3.917958572165127e-005	3.155328e+000	1.387298e+000	2.070915e+000	4.000000e+000
3.937174677918384e-005	3.146498e+000	1.363678e+000	2.108430e+000	4.000000e+000
3.949457002924485e-005	3.136939e+000	1.348840e+000	2.132390e+000	4.000000e+000
3.966077576197442e-005	3.117383e+000	1.329220e+000	2.164748e+000	4.000000e+000
3.999318722743358e-005	3.065931e+000	1.290894e+000	2.229291e+000	4.000000e+000
4.014761629389679e-005	3.036857e+000	1.273557e+000	2.259167e+000	4.000000e+000
4.031409108454853e-005	3.001510e+000	1.255394e+000	2.291234e+000	4.000000e+000
4.048677362069338e-005	2.963470e+000	1.237015e+000	2.324355e+000	4.000000e+000
4.066827233844160e-005	2.922773e+000	1.218334e+000	2.358942e+000	4.000000e+000
4.102080284501730e-005	2.843203e+000	1.183973e+000	2.425337e+000	4.000000e+000
4.165213416239262e-005	2.701668e+000	1.127603e+000	2.541882e+000	4.000000e+000
4.243484740629265e-005	2.530569e+000	1.067454e+000	2.681634e+000	4.000000e+000
4.343484740629264e-005	2.321452e+000	1.009659e+000	2.851840e+000	4.000000e+000
4.443484740629264e-005	2.122849e+000	9.817915e-001	3.013213e+000	4.000000e+000
4.494880343212866e-005	2.025461e+000	9.920626e-001	3.092056e+000	4.000000e+000
4.513905171390564e-005	1.990641e+000	1.007123e+000	3.120038e+000	4.000000e+000
4.531234215944594e-005	1.959568e+000	1.028871e+000	3.144772e+000	4.000000e+000
4.551128080734910e-005	1.924364e+000	1.059462e+000	3.172534e+000	4.000000e+000
4.562924073204487e-005	1.903735e+000	1.080363e+000	3.188635e+000	4.000000e+000
4.574326430391022e-005	1.884017e+000	1.102776e+000	3.203849e+000	4.000000e+000
4.587833807877867e-005	1.860886e+000	1.131127e+000	3.221485e+000	4.000000e+000
4.600261153827375e-005	1.839821e+000	1.158498e+000	3.237321e+000	4.000000e+000
4.614116848050050e-005	1.816645e+000	1.190289e+000	3.254387e+000	4.000000e+000
4.640283159510838e-005	1.773798e+000	1.252655e+000	3.284695e+000	4.000000e+000
4.692615782432412e-005	1.691275e+000	1.381557e+000	3.337821e+000	4.000000e+000
4.782725673887603e-005	1.557079e+000	1.607406e+000	3.406992e+000	4.000000e+000
4.882725673887603e-005	1.417469e+000	1.857737e+000	3.451385e+000	4.000000e+000
4.930441175902918e-005	1.354769e+000	1.975566e+000	3.454101e+000	4.000000e+000
4.952496405460914e-005	1.327119e+000	2.029126e+000	3.445720e+000	4.000000e+000
4.975847472364117e-005	1.298610e+000	2.085182e+000	3.428518e+000	4.000000e+000
4.987589505782931e-005	1.284548e+000	2.113123e+000	3.416386e+000	4.000000e+000
5.003417199112305e-005	1.266019e+000	2.150391e+000	3.394687e+000	4.000000e+000
5.035072585771053e-005	1.229737e+000	2.224203e+000	3.341889e+000	4.000000e+000
5.049331391519634e-005	1.213762e+000	2.257106e+000	3.313967e+000	4.000000e+000
5.063350625327293e-005	1.198406e+000	2.289127e+000	3.283139e+000	4.000000e+000
5.075529564095738e-005	1.185297e+000	2.316727e+000	3.255003e+000	4.000000e+000
5.088600126864027e-005	1.171497e+000	2.346093e+000	3.224017e+000	4.000000e+000
5.106784880826679e-005	1.152822e+000	2.386450e+000	3.180322e+000	4.000000e+000
5.143154388751983e-005	1.117086e+000	2.465591e+000	3.092490e+000	4.000000e+000
5.198056887049395e-005	1.066806e+000	2.581461e+000	2.960835e+000	4.000000e+000
5.270906661414675e-005	1.007300e+000	2.728194e+000	2.790404e+000	4.000000e+000
5.370906661414675e-005	9.385617e-001	2.917634e+000	2.566220e+000	4.000000e+000
5.470906661414674e-005	8.869778e-001	3.093615e+000	2.354666e+000	4.000000e+000
5.570906661414674e-005	8.597916e-001	3.256950e+000	2.155720e+000	4.000000e+000
5.627487072929852e-005	8.650125e-001	3.343871e+000	2.048771e+000	4.000000e+000
5.648865786184239e-005	8.774848e-001	3.375238e+000	2.009848e+000	4.000000e+000
5.667444587428940e-005	8.967010e-001	3.401703e+000	1.976782e+000	4.000000e+000
5.687955561192873e-005	9.243565e-001	3.430333e+000	1.940801e+000	4.000000e+000
5.701487918627842e-005	9.461257e-001	3.448869e+000	1.917360e+000	4.000000e+000
5.713110836437053e-005	9.672993e-001	3.464518e+000	1.897446e+000	4.000000e+000
5.722748054170978e-005	9.864891e-001	3.477283e+000	1.881095e+000	4.000000e+000
5.737041078787159e-005	1.016937e+000	3.495905e+000	1.857072e+000	4.000000e+000
5.748511811610239e-005	1.042645e+000	3.510581e+000	1.837979e+000	4.000000e+000
5.761831740180117e-005	1.073779e+000	3.527242e+000	1.816060e+000	4.000000e+000
5.779597735086929e-005	1.116790e+000	3.548735e+000	1.787274e+000	4.000000e+000
5.814076993147300e-005	1.203146e+000	3.587736e+000	1.732910e+000	4.000000e+000
5.883035509268044e-005	1.380090e+000	3.655538e+000	1.629009e+000	4.000000e+000
5.983035509268043e-005	1.637960e+000	3.729386e+000	1.487684e+000	4.000000e+000
6.083035509268043e-005	1.891079e+000	3.755115e+000	1.357392e+000	4.000000e+000
6.183035509268044e-005	2.136977e+000	3.715684e+000	1.236546e+000	4.000000e+000
6.204914670807353e-005	2.189231e+000	3.688695e+000	1.211662e+000	4.000000e+000
6.225847358803676e-005	2.238200e+000	3.648027e+000	1.188809e+000	4.000000e+000
6.236411683987812e-005	2.262679e+000	3.623694e+000	1.177491e+000	4.000000e+000
6.247849279590661e-005	2.288977e+000	3.594573e+000	1.165427e+000	4.000000e+000
6.256424961310229e-005	2.308574e+000	3.571734e+000	1.156495e+000	4.000000e+000
6.266081374890947e-005	2.330479e+000	3.545352e+000	1.146589e+000	4.000000e+000
6.283758383682297e-005	2.370212e+000	3.496397e+000	1.128796e+000	4.000000e+000
6.305640393666430e-005	2.418721e+000	3.435338e+000	1.107393e+000	4.000000e+000
6.341601064402884e-005	2.496822e+000	3.334980e+000	1.073695e+000	4.000000e+000
6.388690791698766e-005	2.595850e+000	3.205308e+000	1.032472e+000	4.000000e+000
6.468791340084540e-005	2.756425e+000	2.991478e+000	9.693457e-001	4.000000e+000
6.568791340084539e-005	2.944754e+000	2.737398e+000	9.014032e-001	4.000000e+000
6.668791340084539e-005	3.119292e+000	2.499579e+000	8.463913e-001	4.000000e+000
6.768791340084539e-005	3.279857e+000	2.279285e+000	8.065075e-001	4.000000e+000
6.868791340084539e-005	3.428054e+000	2.074995e+000	7.871600e-001	4.000000e+000
6.938917069802517e-005	3.525250e+000	1.940521e+000	7.942893e-001	4.000000e+000
6.966565886704814e-005	3.561638e+000	1.889999e+000	8.081046e-001	4.000000e+000
6.990382395839236e-005	3.591867e+000	1.847868e+000	8.291166e-001	4.000000e+000
7.016249135632721e-005	3.623782e+000	1.803179e+000	8.598714e-001	4.000000e+000
7.046416115782748e-005	3.660007e+000	1.752167e+000	9.037275e-001	4.000000e+000
7.063338783228735e-005	3.679811e+000	1.724095e+000	9.321153e-001	4.000000e+000
7.076406802242198e-005	3.694714e+000	1.702801e+000	9.564965e-001	4.000000e+000
7.096103202983079e-005	3.716677e+000	1.671169e+000	9.957474e-001	4.000000e+000
7.110741088141733e-005	3.732609e+000	1.648000e+000	1.026352e+000	4.000000e+000
7.128123477256325e-005	3.750959e+000	1.620954e+000	1.064180e+000	4.000000e+000
7.152127063180796e-005	3.775224e+000	1.584412e+000	1.118144e+000	4.000000e+000
7.193058161823693e-005	3.813159e+000	1.524362e+000	1.213036e+000	4.000000e+000
7.274920359109487e-005	3.877243e+000	1.410807e+000	1.406862e+000	4.000000e+000
7.374920359109487e-005	3.932872e+000	1.282048e+000	1.644446e+000	4.000000e+000
7.474920359109487e-005	3.952013e+000	1.164104e+000	1.878359e+000	4.000000e+000
7.563697459521662e-005	3.927853e+000	1.067178e+000	2.080968e+000	4.000000e+000
7.590858845800248e-005	3.902806e+000	1.039283e+000	2.141400e+000	4.000000e+000
7.618961020472183e-005	3.858573e+000	1.011600e+000	2.202739e+000	4.000000e+000
7.636110246089611e-005	3.823780e+000	9.950825e-001	2.239765e+000	4.000000e+000
7.647878434298175e-005	3.795764e+000	9.839553e-001	2.264949e+000	4.000000e+000
7.657481067079663e-005	3.770681e+000	9.750044e-001	2.285358e+000	4.000000e+000
7.668818693448086e-005	3.739448e+000	9.645617e-001	2.309319e+000	4.000000e+000
7.676716198141550e-005	3.717058e+000	9.573730e-001	2.325918e+000	4.000000e+000
7.687178515103687e-005	3.686879e+000	9.479966e-001	2.347748e+000	4.000000e+000
7.708103149027961e-005	3.625963e+000	9.296451e-001	2.390971e+000	4.000000e+000
7.737394629299165e-005	3.540408e+000	9.047557e-001	2.450599e+000	4.000000e+000
7.773568544731024e-005	3.435452e+000	8.755716e-001	2.522523e+000	4.000000e+000
7.837480080928307e-005	3.254062e+000	8.281069e-001	2.645087e+000	4.000000e+000
7.928209258338851e-005	3.006696e+000	7.686400e-001	2.810552e+000	4.000000e+000
8.028209258338851e-005	2.749438e+000	7.142819e-001	2.981539e+000	4.000000e+000
8.128209258338851e-005	2.509952e+000	6.735976e-001	3.140272e+000	4.000000e+000
8.228209258338850e-005	2.288627e+000	6.527593e-001	3.286970e+000	4.000000e+000
8.328209258338850e-005	2.083127e+000	6.666216e-001	3.423340e+000	4.000000e+000
8.385912582029843e-005	1.971999e+000	7.130610e-001	3.497076e+000	4.000000e+000
8.431324303137702e-005	1.888867e+000	7.858628e-001	3.552015e+000	4.000000e+000
8.459687629454406e-005	1.838709e+000	8.476231e-001	3.584837e+000	4.000000e+000
8.485245674937939e-005	1.794719e+000	9.110866e-001	3.613194e+000	4.000000e+000
8.507955358525967e-005	1.756473e+000	9.704559e-001	3.637385e+000	4.000000e+000
8.529366680797753e-005	1.721303e+000	1.028069e+000	3.658950e+000	4.000000e+000
8.572189325341324e-005	1.653614e+000	1.145395e+000	3.697619e+000	4.000000e+000
8.657834614428467e-005	1.525632e+000	1.380965e+000	3.759874e+000	4.000000e+000
8.757834614428467e-005	1.387057e+000	1.651933e+000	3.804233e+000	4.000000e+000
8.857834614428467e-005	1.260609e+000	1.913473e+000	3.796835e+000	4.000000e+000
8.957834614428467e-005	1.144049e+000	2.164658e+000	3.722199e+000	4.000000e+000
8.984884196866151e-005	1.114542e+000	2.230140e+000	3.680602e+000	4.000000e+000
9.010805142363437e-005	1.087561e+000	2.291233e+000	3.624550e+000	4.000000e+000
9.026655235067006e-005	1.071475e+000	2.328058e+000	3.585792e+000	4.000000e+000
9.043481586763301e-005	1.054782e+000	2.366660e+000	3.541968e+000	4.000000e+000
9.058836631889878e-005	1.039886e+000	2.401459e+000	3.501084e+000	4.000000e+000
9.081138143565568e-005	1.018945e+000	2.451117e+000	3.441201e+000	4.000000e+000
9.125741166916949e-005	9.789966e-001	2.547985e+000	3.321676e+000	4.000000e+000
9.180678547935484e-005	9.333954e-001	2.662784e+000	3.176816e+000	4.000000e+000
9.264472675682687e-005	8.715532e-001	2.828502e+000	2.963188e+000	4.000000e+000
9.364472675682687e-005	8.091947e-001	3.013196e+000	2.720765e+000	4.000000e+000
9.464472675682686e-005	7.610179e-001	3.183615e+000	2.493508e+000	4.000000e+000
9.564472675682686e-005	7.334767e-001	3.339901e+000	2.282271e+000	4.000000e+000
9.664472675682686e-005	7.388317e-001	3.484396e+000	2.084857e+000	4.000000e+000
9.714482264083309e-005	7.734737e-001	3.551777e+000	1.991857e+000	4.000000e+000
9.763075284202449e-005	8.425172e-001	3.613759e+000	1.905451e+000	4.000000e+000
9.782707128269659e-005	8.810037e-001	3.637828e+000	1.871542e+000	4.000000e+000
9.805035193967261e-005	9.321656e-001	3.664311e+000	1.833817e+000	4.000000e+000
9.820048674249249e-005	9.686884e-001	3.681661e+000	1.808835e+000	4.000000e+000
9.836467565003810e-005	1.010285e+000	3.700009e+000	1.781997e+000	4.000000e+000
9.867967595252889e-005	1.092509e+000	3.733232e+000	1.731844e+000	4.000000e+000
9.930967655751049e-005	1.260384e+000	3.792018e+000	1.635896e+000	4.000000e+000
1.003096765575105e-004	1.527698e+000	3.865153e+000	1.492940e+000	4.000000e+000
1.013096765575105e-004	1.789855e+000	3.904535e+000	1.361025e+000	4.000000e+000
1.023096765575105e-004	2.043282e+000	3.891954e+000	1.239518e+000	4.000000e+000
1.028620468815135e-004	2.178459e+000	3.844268e+000	1.176780e+000	4.000000e+000
1.030924972541405e-004	2.233312e+000	3.805117e+000	1.151880e+000	4.000000e+000
1.032523784053725e-004	2.270760e+000	3.768506e+000	1.135095e+000	4.000000e+000
1.033582681718356e-004	2.295319e+000	3.740973e+000	1.124177e+000	4.000000e+000
1.034786509614412e-004	2.323011e+000	3.707601e+000	1.111954e+000	4.000000e+000
1.035982976921433e-004	2.350326e+000	3.673504e+000	1.099981e+000	4.000000e+000
1.037160193807089e-004	2.376937e+000	3.639459e+000	1.088423e+000	4.000000e+000
1.039514627578400e-004	2.429458e+000	3.570875e+000	1.065895e+000	4.000000e+000
1.042588516483290e-004	2.496692e+000	3.481369e+000	1.037597e+000	4.000000e+000
1.047274384404880e-004	2.596243e+000	3.346332e+000	9.968978e-001	4.000000e+000
1.053380574687474e-004	2.720336e+000	3.175148e+000	9.485243e-001	4.000000e+000
1.063380574687474e-004	2.911792e+000	2.907249e+000	8.791269e-001	4.000000e+000
1.073380574687474e-004	3.089797e+000	2.655455e+000	8.213363e-001	4.000000e+000
1.083380574687474e-004	3.253472e+000	2.421993e+000	7.770022e-001	4.000000e+000
1.093380574687474e-004	3.403597e+000	2.206649e+000	7.493117e-001	4.000000e+000
1.103380574687474e-004	3.540919e+000	2.008711e+000	7.556571e-001	4.000000e+000
1.113380574687474e-004	3.667593e+000	1.825108e+000	8.171840e-001	4.000000e+000
1.117762751070761e-004	3.719331e+000	1.749463e+000	8.735488e-001	4.000000e+000
1.120957222730581e-004	3.754825e+000	1.696883e+000	9.316999e-001	4.000000e+000
1.124338841184221e-004	3.790739e+000	1.642880e+000	1.001927e+000	4.000000e+000
1.126705880994345e-004	3.814812e+000	1.606031e+000	1.054399e+000	4.000000e+000
1.128967267214230e-004	3.836662e+000	1.571750e+000	1.106526e+000	4.000000e+000
1.132616750454620e-004	3.869290e+000	1.518266e+000	1.192818e+000	4.000000e+000
1.139199305954578e-004	3.919903e+000	1.426615e+000	1.351009e+000	4.000000e+000
1.149199305954578e-004	3.976959e+000	1.296776e+000	1.591806e+000	4.000000e+000
1.159199305954578e-004	4.001578e+000	1.177656e+000	1.828678e+000	4.000000e+000
1.169199305954578e-004	3.976672e+000	1.068412e+000	2.058886e+000	4.000000e+000
1.174790757321543e-004	3.924712e+000	1.011416e+000	2.183864e+000	4.000000e+000
1.176843288508767e-004	3.889856e+000	9.915181e-001	2.228663e+000	4.000000e+000
1.178549089930322e-004	3.851630e+000	9.754393e-001	2.265381e+000	4.000000e+000
1.179613199723113e-004	3.824524e+000	9.655842e-001	2.288087e+000	4.000000e+000
1.181041599299865e-004	3.785235e+000	9.525505e-001	2.318346e+000	4.000000e+000
1.181962814100108e-004	3.758924e+000	9.442558e-001	2.337735e+000	4.000000e+000
1.183007721151367e-004	3.728432e+000	9.350041e-001	2.359552e+000	4.000000e+000
1.185097535253884e-004	3.666868e+000	9.168950e-001	2.402741e+000	4.000000e+000
1.187881674809039e-004	3.584599e+000	8.935151e-001	2.459432e+000	4.000000e+000
1.191584436143116e-004	3.475821e+000	8.638968e-001	2.533149e+000	4.000000e+000
1.197146257278506e-004	3.315727e+000	8.227198e-001	2.640128e+000	4.000000e+000
1.205816212848988e-004	3.075461e+000	7.656870e-001	2.798971e+000	4.000000e+000
1.215816212848988e-004	2.813294e+000	7.104937e-001	2.971076e+000	4.000000e+000
1.225816212848989e-004	2.568885e+000	6.683831e-001	3.130936e+000	4.000000e+000
1.235816212848989e-004	2.342879e+000	6.434008e-001	3.278656e+000	4.000000e+000
1.245816212848988e-004	2.133512e+000	6.496968e-001	3.415631e+000	4.000000e+000
1.252921963998048e-004	1.993934e+000	6.925614e-001	3.507020e+000	4.000000e+000
1.255657027446082e-004	1.942785e+000	7.290897e-001	3.540459e+000	4.000000e+000
1.258339851752269e-004	1.894194e+000	7.807220e-001	3.572087e+000	4.000000e+000
1.260366899872533e-004	1.858238e+000	8.262914e-001	3.595322e+000	4.000000e+000
1.262400680769610e-004	1.822862e+000	8.763869e-001	3.617937e+000	4.000000e+000
1.264537965802440e-004	1.786362e+000	9.316269e-001	3.640940e+000	4.000000e+000
1.266626276384431e-004	1.751512e+000	9.873723e-001	3.662352e+000	4.000000e+000
1.270802897548411e-004	1.684352e+000	1.101481e+000	3.701187e+000	4.000000e+000
1.279156139876373e-004	1.557234e+000	1.331663e+000	3.765126e+000	4.000000e+000
1.289156139876372e-004	1.415962e+000	1.604206e+000	3.815473e+000	4.000000e+000
1.299156139876372e-004	1.286906e+000	1.868065e+000	3.820108e+000	4.000000e+000
1.309156139876372e-004	1.167958e+000	2.121784e+000	3.765527e+000	4.000000e+000
1.312254391293114e-004	1.133504e+000	2.197518e+000	3.725810e+000	4.000000e+000
1.315275824091764e-004	1.101501e+000	2.269341e+000	3.667780e+000	4.000000e+000
1.317060446497975e-004	1.083176e+000	2.311014e+000	3.626649e+000	4.000000e+000
1.319869482864669e-004	1.055121e+000	2.375596e+000	3.555001e+000	4.000000e+000
1.321401966955067e-004	1.040195e+000	2.410345e+000	3.514411e+000	4.000000e+000
1.323213782015553e-004	1.023106e+000	2.450722e+000	3.465630e+000	4.000000e+000
1.326837412136524e-004	9.905191e-001	2.529464e+000	3.368246e+000	4.000000e+000
1.333719023377075e-004	9.332118e-001	2.673284e+000	3.186177e+000	4.000000e+000
1.342189368446044e-004	8.706744e-001	2.840607e+000	2.969585e+000	4.000000e+000
1.352189368446044e-004	8.088162e-001	3.024498e+000	2.726823e+000	4.000000e+000
1.362189368446044e-004	7.612604e-001	3.194108e+000	2.499295e+000	4.000000e+000
1.372189368446044e-004	7.349032e-001	3.349619e+000	2.287807e+000	4.000000e+000
1.382189368446044e-004	7.409593e-001	3.493560e+000	2.089926e+000	4.000000e+000
1.386594606783420e-004	7.701316e-001	3.552866e+000	2.007595e+000	4.000000e+000
1.390782928379150e-004	8.271233e-001	3.606368e+000	1.932616e+000	4.000000e+000
1.393211447900356e-004	8.726643e-001	3.636301e+000	1.890280e+000	4.000000e+000
1.395102823975245e-004	9.145558e-001	3.658894e+000	1.858001e+000	4.000000e+000
1.396817036717511e-004	9.555686e-001	3.678822e+000	1.829221e+000	4.000000e+000
1.398679044696728e-004	1.002069e+000	3.699876e+000	1.798435e+000	4.000000e+000
1.400568506504575e-004	1.050726e+000	3.720422e+000	1.767791e+000	4.000000e+000
1.404347430120269e-004	1.150512e+000	3.758520e+000	1.708407e+000	4.000000e+000
1.411905277351656e-004	1.352684e+000	3.824018e+000	1.595332e+000	4.000000e+000
1.421905277351656e-004	1.618726e+000	3.887517e+000	1.455529e+000	4.000000e+000
1.431905277351656e-004	1.877674e+000	3.908029e+000	1.327011e+000	4.000000e+000
1.441905277351656e-004	2.127576e+000	3.868684e+000	1.208139e+000	4.000000e+000
1.445045490577485e-004	2.203356e+000	3.829635e+000	1.173161e+000	4.000000e+000
1.448047966124887e-004	2.273904e+000	3.767654e+000	1.141288e+000	4.000000e+000
1.449955409658215e-004	2.318051e+000	3.719255e+000	1.121593e+000	4.000000e+000
1.451446641756172e-004	2.352116e+000	3.677593e+000	1.106572e+000	4.000000e+000
1.453088160546699e-004	2.389166e+000	3.630342e+000	1.090418e+000	4.000000e+000
1.455295113018924e-004	2.438275e+000	3.566233e+000	1.069296e+000	4.000000e+000
1.458336064660748e-004	2.504424e+000	3.478012e+000	1.041468e+000	4.000000e+000
1.464417967944397e-004	2.631937e+000	3.304387e+000	9.898136e-001	4.000000e+000
1.473460148786489e-004	2.811721e+000	3.055159e+000	9.212102e-001	4.000000e+000
1.483460148786488e-004	2.997260e+000	2.794185e+000	8.566338e-001	4.000000e+000
1.493460148786488e-004	3.168487e+000	2.550790e+000	8.048572e-001	4.000000e+000
1.503460148786488e-004	3.325739e+000	2.325644e+000	7.674333e-001	4.000000e+000
1.513460148786488e-004	3.469799e+000	2.118273e+000	7.538947e-001	4.000000e+000
1.523460148786488e-004	3.603129e+000	1.925485e+000	7.773097e-001	4.000000e+000
1.527450403041003e-004	3.652851e+000	1.853185e+000	8.085732e-001	4.000000e+000
1.531699416617919e-004	3.702935e+000	1.779806e+000	8.648382e-001	4.000000e+000
1.534911356861418e-004	3.739234e+000	1.726102e+000	9.194301e-001	4.000000e+000
1.537920961389197e-004	3.771760e+000	1.677302e+000	9.792714e-001	4.000000e+000
1.541065457170364e-004	3.804260e+000	1.627676e+000	1.047315e+000	4.000000e+000
1.543664116896646e-004	3.829844e+000	1.587722e+000	1.106268e+000	4.000000e+000
1.546417609727235e-004	3.855160e+000	1.546702e+000	1.170693e+000	4.000000e+000
1.551805494407572e-004	3.898686e+000	1.470121e+000	1.299297e+000	4.000000e+000
1.561805494407572e-004	3.961890e+000	1.336871e+000	1.539534e+000	4.000000e+000
1.571805494407571e-004	3.996970e+000	1.214197e+000	1.777098e+000	4.000000e+000
1.581805494407571e-004	3.975186e+000	1.102785e+000	2.007780e+000	4.000000e+000
1.591805494407571e-004	3.871017e+000	1.000306e+000	2.230645e+000	4.000000e+000
1.595067542755015e-004	3.804388e+000	9.691783e-001	2.300962e+000	4.000000e+000
1.598576983470057e-004	3.708365e+000	9.374406e-001	2.374701e+000	4.000000e+000
1.600505277419835e-004	3.652384e+000	9.205867e-001	2.414569e+000	4.000000e+000
1.602758679282523e-004	3.586084e+000	9.016661e-001	2.460299e+000	4.000000e+000
1.607265483007900e-004	3.454356e+000	8.656890e-001	2.549676e+000	4.000000e+000
1.613015098166043e-004	3.289878e+000	8.233591e-001	2.659733e+000	4.000000e+000
1.621762969109672e-004	3.049311e+000	7.665578e-001	2.818906e+000	4.000000e+000
1.631762969109672e-004	2.789338e+000	7.124550e-001	2.989694e+000	4.000000e+000
1.641762969109672e-004	2.547025e+000	6.717131e-001	3.148247e+000	4.000000e+000
1.651762969109672e-004	2.322943e+000	6.493019e-001	3.294703e+000	4.000000e+000
1.661762969109672e-004	2.115843e+000	6.659824e-001	3.430091e+000	4.000000e+000
1.670081146382108e-004	1.955042e+000	7.380880e-001	3.535111e+000	4.000000e+000
1.674009418887596e-004	1.883379e+000	8.070773e-001	3.581550e+000	4.000000e+000
1.678307672675541e-004	1.808243e+000	9.090912e-001	3.629465e+000	4.000000e+000
1.681043867105760e-004	1.761832e+000	9.801632e-001	3.658361e+000	4.000000e+000
1.683673357558690e-004	1.718649e+000	1.051337e+000	3.684186e+000	4.000000e+000
1.688552419927931e-004	1.642008e+000	1.185519e+000	3.726078e+000	4.000000e+000
1.698310544666413e-004	1.497869e+000	1.453673e+000	3.790595e+000	4.000000e+000
1.708310544666413e-004	1.361509e+000	1.722812e+000	3.825070e+000	4.000000e+000
1.718310544666413e-004	1.237020e+000	1.981895e+000	3.806848e+000	4.000000e+000
1.726511715594098e-004	1.142837e+000	2.185592e+000	3.732093e+000	4.000000e+000
1.730410381991516e-004	1.100945e+000	2.278847e+000	3.664453e+000	4.000000e+000
1.733233816740248e-004	1.072058e+000	2.344517e+000	3.598336e+000	4.000000e+000
1.735440484932868e-004	1.050266e+000	2.394840e+000	3.540994e+000	4.000000e+000
1.738010428264234e-004	1.025794e+000	2.452301e+000	3.472035e+000	4.000000e+000
1.741627268906676e-004	9.929620e-001	2.531142e+000	3.374693e+000	4.000000e+000
1.747249086841784e-004	9.451620e-001	2.649644e+000	3.224969e+000	4.000000e+000
1.753422669923192e-004	8.974175e-001	2.773957e+000	3.064684e+000	4.000000e+000
1.761746436569069e-004	8.413846e-001	2.931787e+000	2.857409e+000	4.000000e+000
1.771746436569069e-004	7.862402e-001	3.108358e+000	2.621840e+000	4.000000e+000
1.781746436569069e-004	7.467396e-001	3.271069e+000	2.401649e+000	4.000000e+000
1.791746436569069e-004	7.283724e-001	3.421360e+000	2.195853e+000	4.000000e+000
1.797725521430723e-004	7.355070e-001	3.505641e+000	2.079436e+000	4.000000e+000
1.799969848479956e-004	7.480718e-001	3.535814e+000	2.037485e+000	4.000000e+000
1.802025979545353e-004	7.690285e-001	3.562629e+000	2.000019e+000	4.000000e+000
1.804309948026171e-004	8.010803e-001	3.591741e+000	1.959148e+000	4.000000e+000
1.806632166702265e-004	8.416932e-001	3.620660e+000	1.918311e+000	4.000000e+000
1.808473365055093e-004	8.797278e-001	3.642977e+000	1.886531e+000	4.000000e+000
1.811087065382925e-004	9.399564e-001	3.673764e+000	1.842228e+000	4.000000e+000
1.813055201775276e-004	9.882602e-001	3.696238e+000	1.809455e+000	4.000000e+000
1.815205033371929e-004	1.043324e+000	3.719800e+000	1.774404e+000	4.000000e+000
1.818591856802270e-004	1.132495e+000	3.754445e+000	1.720808e+000	4.000000e+000
1.825365503662953e-004	1.313630e+000	3.814774e+000	1.618541e+000	4.000000e+000
1.835365503662953e-004	1.580331e+000	3.882363e+000	1.477061e+000	4.000000e+000
1.845365503662953e-004	1.840681e+000	3.912410e+000	1.346694e+000	4.000000e+000
1.855365503662953e-004	2.092188e+000	3.889599e+000	1.226216e+000	4.000000e+000
1.859210103901204e-004	2.185412e+000	3.848470e+000	1.182967e+000	4.000000e+000
1.863279039384932e-004	2.281080e+000	3.767585e+000	1.139665e+000	4.000000e+000
1.866324774130804e-004	2.351194e+000	3.689374e+000	1.108487e+000	4.000000e+000
1.868659270208030e-004	2.403905e+000	3.622924e+000	1.085456e+000	4.000000e+000
1.870977242450747e-004	2.455153e+000	3.555489e+000	1.063509e+000	4.000000e+000
1.875613186936183e-004	2.554590e+000	3.421393e+000	1.022185e+000	4.000000e+000
1.883461918852399e-004	2.715429e+000	3.199975e+000	9.585017e-001	4.000000e+000
1.893461918852399e-004	2.907937e+000	2.930358e+000	8.878035e-001	4.000000e+000
1.903461918852399e-004	3.086318e+000	2.677294e+000	8.293332e-001	4.000000e+000
1.913461918852399e-004	3.250354e+000	2.442496e+000	7.843383e-001	4.000000e+000
1.923461918852399e-004	3.400815e+000	2.225798e+000	7.557024e-001	4.000000e+000
1.933461918852399e-004	3.538452e+000	2.026523e+000	7.601557e-001	4.000000e+000
1.943461918852399e-004	3.665129e+000	1.841968e+000	8.211576e-001	4.000000e+000
1.948767915830800e-004	3.727446e+000	1.750232e+000	8.908921e-001	4.000000e+000
1.952790310821549e-004	3.771407e+000	1.684348e+000	9.666682e-001	4.000000e+000
1.957387195479240e-004	3.818658e+000	1.611891e+000	1.065965e+000	4.000000e+000
1.960397189527381e-004	3.847581e+000	1.566094e+000	1.135048e+000	4.000000e+000
1.964310693198623e-004	3.881692e+000	1.508991e+000	1.227908e+000	4.000000e+000
1.971163226605524e-004	3.932163e+000	1.414280e+000	1.392795e+000	4.000000e+000
1.981163226605524e-004	3.984976e+000	1.285554e+000	1.633044e+000	4.000000e+000
1.991163226605524e-004	4.005486e+000	1.167240e+000	1.868951e+000	4.000000e+000
2.000000000000000e-004	-1.#IND00e+000	-1.#IND00e+000	-1.#IND00e+000	-1.#IND00e+000
