time	V(b1)	V(b2)	V(b3)	V(vb)
0.000000000000000e+000	1.946801e+000	3.899887e+000	2.089924e+000	7.500000e-001
1.999999992008394e-011	1.946801e+000	3.899887e+000	2.089924e+000	7.500000e-001
3.828571413273214e-010	1.946801e+000	3.899887e+000	2.089924e+000	7.500000e-001
7.457142827345588e-010	1.946801e+000	3.899887e+000	2.089924e+000	7.500000e-001
1.108571424141796e-009	1.946801e+000	3.899887e+000	2.089924e+000	7.500000e-001
1.471428565549034e-009	1.946801e+000	3.899887e+000	2.089924e+000	7.500000e-001
1.834285706956271e-009	1.946801e+000	3.899887e+000	2.089924e+000	7.500000e-001
2.197142848363508e-009	1.946801e+000	3.899887e+000	2.089924e+000	7.500000e-001
2.559999989770745e-009	1.946801e+000	3.899887e+000	2.089924e+000	7.500000e-001
1.189439999243035e-006	1.946791e+000	3.899880e+000	2.089924e+000	7.500000e-001
2.376319998496300e-006	1.946770e+000	3.899882e+000	2.089923e+000	7.500000e-001
3.563199997749564e-006	1.946738e+000	3.899893e+000	2.089923e+000	7.500000e-001
4.750079997002829e-006	1.946695e+000	3.899912e+000	2.089922e+000	7.500000e-001
5.936959996256094e-006	1.946641e+000	3.899940e+000	2.089921e+000	7.500000e-001
7.123839995509358e-006	1.946575e+000	3.899976e+000	2.089920e+000	7.500000e-001
8.310719994762620e-006	1.946498e+000	3.900021e+000	2.089919e+000	7.500000e-001
9.739291423334050e-006	1.946393e+000	3.900102e+000	2.089917e+000	7.500000e-001
1.116786285190548e-005	1.946278e+000	3.900210e+000	2.089914e+000	7.500000e-001
1.259643428047691e-005	1.946154e+000	3.900344e+000	2.089911e+000	7.500000e-001
1.402500570904834e-005	1.946022e+000	3.900504e+000	2.089906e+000	7.500000e-001
1.545357713761977e-005	1.945881e+000	3.900691e+000	2.089901e+000	7.500000e-001
1.688214856619120e-005	1.945730e+000	3.900904e+000	2.089896e+000	7.500000e-001
1.831071999476263e-005	1.945571e+000	3.901143e+000	2.089889e+000	7.500000e-001
2.016786285190548e-005	1.945353e+000	3.901507e+000	2.089879e+000	7.500000e-001
2.202500570904834e-005	1.945141e+000	3.901895e+000	2.089866e+000	7.500000e-001
2.388214856619120e-005	1.944938e+000	3.902305e+000	2.089851e+000	7.500000e-001
2.573929142333406e-005	1.944742e+000	3.902739e+000	2.089834e+000	7.500000e-001
2.759643428047692e-005	1.944553e+000	3.903196e+000	2.089814e+000	7.500000e-001
2.945357713761978e-005	1.944373e+000	3.903677e+000	2.089792e+000	7.500000e-001
3.131071999476263e-005	1.944200e+000	3.904181e+000	2.089768e+000	7.500000e-001
3.331071999476263e-005	1.944052e+000	3.904696e+000	2.089738e+000	7.500000e-001
3.531071999476262e-005	1.943938e+000	3.905192e+000	2.089706e+000	7.500000e-001
3.731071999476262e-005	1.943864e+000	3.905655e+000	2.089670e+000	7.500000e-001
3.931071999476261e-005	1.943834e+000	3.906069e+000	2.089632e+000	7.500000e-001
4.131071999476260e-005	1.943855e+000	3.906421e+000	2.089592e+000	7.500000e-001
4.331071999476260e-005	1.943932e+000	3.906694e+000	2.089550e+000	7.500000e-001
4.531071999476259e-005	1.944067e+000	3.906875e+000	2.089506e+000	7.500000e-001
4.731071999476259e-005	1.944264e+000	3.906949e+000	2.089461e+000	7.500000e-001
4.931071999476258e-005	1.944526e+000	3.906903e+000	2.089416e+000	7.500000e-001
5.131071999476258e-005	1.944853e+000	3.906724e+000	2.089371e+000	7.500000e-001
5.431071999476257e-005	1.945464e+000	3.906185e+000	2.089306e+000	7.500000e-001
5.573929142333399e-005	1.945810e+000	3.905807e+000	2.089277e+000	7.500000e-001
5.716786285190542e-005	1.946180e+000	3.905346e+000	2.089249e+000	7.500000e-001
5.859643428047684e-005	1.946575e+000	3.904803e+000	2.089224e+000	7.500000e-001
6.002500570904827e-005	1.946995e+000	3.904178e+000	2.089202e+000	7.500000e-001
6.145357713761969e-005	1.947439e+000	3.903469e+000	2.089181e+000	7.500000e-001
6.288214856619111e-005	1.947908e+000	3.902678e+000	2.089163e+000	7.500000e-001
6.431071999476254e-005	1.948401e+000	3.901805e+000	2.089147e+000	7.500000e-001
6.731071999476253e-005	1.949464e+000	3.899726e+000	2.089126e+000	7.500000e-001
7.031071999476252e-005	1.950551e+000	3.897345e+000	2.089121e+000	7.500000e-001
7.331071999476252e-005	1.951621e+000	3.894720e+000	2.089133e+000	7.500000e-001
7.531071999476251e-005	1.952303e+000	3.892871e+000	2.089151e+000	7.500000e-001
7.731071999476250e-005	1.952945e+000	3.890971e+000	2.089177e+000	7.500000e-001
7.931071999476250e-005	1.953532e+000	3.889051e+000	2.089211e+000	7.500000e-001
8.131071999476249e-005	1.954052e+000	3.887141e+000	2.089252e+000	7.500000e-001
8.331071999476249e-005	1.954491e+000	3.885274e+000	2.089300e+000	7.500000e-001
8.531071999476248e-005	1.954837e+000	3.883486e+000	2.089355e+000	7.500000e-001
8.731071999476248e-005	1.955078e+000	3.881813e+000	2.089417e+000	7.500000e-001
8.931071999476247e-005	1.955204e+000	3.880291e+000	2.089483e+000	7.500000e-001
9.131071999476246e-005	1.955203e+000	3.878957e+000	2.089555e+000	7.500000e-001
9.331071999476246e-005	1.955067e+000	3.877846e+000	2.089630e+000	7.500000e-001
9.531071999476245e-005	1.954790e+000	3.876994e+000	2.089709e+000	7.500000e-001
9.631071999476245e-005	1.954596e+000	3.876675e+000	2.089748e+000	7.500000e-001
9.731071999476245e-005	1.954364e+000	3.876432e+000	2.089789e+000	7.500000e-001
9.831071999476245e-005	1.954094e+000	3.876271e+000	2.089830e+000	7.500000e-001
9.931071999476244e-005	1.953785e+000	3.876193e+000	2.089870e+000	7.500000e-001
1.003107199947624e-004	1.953437e+000	3.876202e+000	2.089911e+000	7.500000e-001
1.023107199947624e-004	1.952624e+000	3.876495e+000	2.089992e+000	7.500000e-001
1.043107199947624e-004	1.951655e+000	3.877170e+000	2.090071e+000	7.500000e-001
1.055964342804767e-004	1.950945e+000	3.877812e+000	2.090122e+000	7.500000e-001
1.068821485661910e-004	1.950177e+000	3.878625e+000	2.090169e+000	7.500000e-001
1.081678628519053e-004	1.949353e+000	3.879610e+000	2.090214e+000	7.500000e-001
1.094535771376196e-004	1.948471e+000	3.880766e+000	2.090256e+000	7.500000e-001
1.107392914233338e-004	1.947531e+000	3.882093e+000	2.090296e+000	7.500000e-001
1.120250057090481e-004	1.946535e+000	3.883592e+000	2.090332e+000	7.500000e-001
1.133107199947624e-004	1.945482e+000	3.885262e+000	2.090366e+000	7.500000e-001
1.163107199947624e-004	1.942872e+000	3.889797e+000	2.090425e+000	7.500000e-001
1.183107199947624e-004	1.941028e+000	3.893289e+000	2.090447e+000	7.500000e-001
1.203107199947624e-004	1.939131e+000	3.897121e+000	2.090453e+000	7.500000e-001
1.223107199947624e-004	1.937210e+000	3.901254e+000	2.090439e+000	7.500000e-001
1.243107199947624e-004	1.935303e+000	3.905637e+000	2.090403e+000	7.500000e-001
1.263107199947624e-004	1.933451e+000	3.910210e+000	2.090343e+000	7.500000e-001
1.273107199947624e-004	1.932560e+000	3.912547e+000	2.090302e+000	7.500000e-001
1.283107199947624e-004	1.931701e+000	3.914904e+000	2.090253e+000	7.500000e-001
1.293107199947624e-004	1.930882e+000	3.917271e+000	2.090197e+000	7.500000e-001
1.303107199947624e-004	1.930109e+000	3.919637e+000	2.090132e+000	7.500000e-001
1.313107199947624e-004	1.929390e+000	3.921989e+000	2.090059e+000	7.500000e-001
1.323107199947624e-004	1.928733e+000	3.924316e+000	2.089977e+000	7.500000e-001
1.333107199947624e-004	1.928147e+000	3.926603e+000	2.089886e+000	7.500000e-001
1.343107199947624e-004	1.927639e+000	3.928837e+000	2.089785e+000	7.500000e-001
1.353107199947624e-004	1.927218e+000	3.931002e+000	2.089675e+000	7.500000e-001
1.363107199947624e-004	1.926894e+000	3.933083e+000	2.089556e+000	7.500000e-001
1.373107199947624e-004	1.926674e+000	3.935065e+000	2.089427e+000	7.500000e-001
1.383107199947624e-004	1.926568e+000	3.936929e+000	2.089289e+000	7.500000e-001
1.393107199947623e-004	1.926584e+000	3.938660e+000	2.089142e+000	7.500000e-001
1.403107199947623e-004	1.926729e+000	3.940239e+000	2.088987e+000	7.500000e-001
1.413107199947623e-004	1.927011e+000	3.941649e+000	2.088824e+000	7.500000e-001
1.423107199947623e-004	1.927438e+000	3.942870e+000	2.088654e+000	7.500000e-001
1.433107199947623e-004	1.928014e+000	3.943885e+000	2.088478e+000	7.500000e-001
1.443107199947623e-004	1.928747e+000	3.944675e+000	2.088297e+000	7.500000e-001
1.453107199947623e-004	1.929639e+000	3.945222e+000	2.088112e+000	7.500000e-001
1.463107199947623e-004	1.930694e+000	3.945508e+000	2.087926e+000	7.500000e-001
1.473107199947623e-004	1.931913e+000	3.945514e+000	2.087738e+000	7.500000e-001
1.483107199947623e-004	1.933297e+000	3.945225e+000	2.087552e+000	7.500000e-001
1.493107199947623e-004	1.934845e+000	3.944623e+000	2.087368e+000	7.500000e-001
1.503107199947623e-004	1.936554e+000	3.943693e+000	2.087189e+000	7.500000e-001
1.513107199947623e-004	1.938420e+000	3.942422e+000	2.087016e+000	7.500000e-001
1.533107199947623e-004	1.942598e+000	3.938805e+000	2.086695e+000	7.500000e-001
1.553107199947623e-004	1.947315e+000	3.933689e+000	2.086420e+000	7.500000e-001
1.573107199947623e-004	1.952491e+000	3.927020e+000	2.086199e+000	7.500000e-001
1.593107199947623e-004	1.958028e+000	3.918775e+000	2.086040e+000	7.500000e-001
1.613107199947623e-004	1.963825e+000	3.908962e+000	2.085946e+000	7.500000e-001
1.633107199947623e-004	1.969780e+000	3.897623e+000	2.085914e+000	7.500000e-001
1.653107199947623e-004	1.975801e+000	3.884823e+000	2.085939e+000	7.500000e-001
1.673107199947623e-004	1.981804e+000	3.870649e+000	2.086016e+000	7.500000e-001
1.703107199947623e-004	1.990626e+000	3.847042e+000	2.086211e+000	7.500000e-001
1.733107199947623e-004	1.999054e+000	3.820974e+000	2.086488e+000	7.500000e-001
1.763107199947622e-004	2.006921e+000	3.792883e+000	2.086833e+000	7.500000e-001
1.793107199947622e-004	2.014061e+000	3.763267e+000	2.087242e+000	7.500000e-001
1.813107199947622e-004	2.018334e+000	3.742959e+000	2.087547e+000	7.500000e-001
1.833107199947622e-004	2.022154e+000	3.722437e+000	2.087879e+000	7.500000e-001
1.853107199947622e-004	2.025464e+000	3.701939e+000	2.088236e+000	7.500000e-001
1.873107199947622e-004	2.028203e+000	3.681745e+000	2.088619e+000	7.500000e-001
1.883107199947622e-004	2.029339e+000	3.671862e+000	2.088819e+000	7.500000e-001
1.893107199947622e-004	2.030310e+000	3.662180e+000	2.089025e+000	7.500000e-001
1.903107199947622e-004	2.031106e+000	3.652748e+000	2.089236e+000	7.500000e-001
1.913107199947622e-004	2.031722e+000	3.643615e+000	2.089454e+000	7.500000e-001
1.923107199947622e-004	2.032148e+000	3.634837e+000	2.089676e+000	7.500000e-001
1.933107199947622e-004	2.032378e+000	3.626467e+000	2.089903e+000	7.500000e-001
1.943107199947622e-004	2.032403e+000	3.618565e+000	2.090135e+000	7.500000e-001
1.953107199947622e-004	2.032216e+000	3.611187e+000	2.090371e+000	7.500000e-001
1.963107199947622e-004	2.031810e+000	3.604395e+000	2.090612e+000	7.500000e-001
1.973107199947622e-004	2.031179e+000	3.598246e+000	2.090856e+000	7.500000e-001
1.983107199947622e-004	2.030317e+000	3.592799e+000	2.091103e+000	7.500000e-001
1.993107199947622e-004	2.029216e+000	3.588110e+000	2.091352e+000	7.500000e-001
2.003107199947622e-004	2.027872e+000	3.584233e+000	2.091604e+000	7.500000e-001
2.013107199947622e-004	2.026278e+000	3.581217e+000	2.091858e+000	7.500000e-001
2.023107199947622e-004	2.024432e+000	3.579105e+000	2.092113e+000	7.500000e-001
2.033107199947622e-004	2.022329e+000	3.577939e+000	2.092368e+000	7.500000e-001
2.043107199947622e-004	2.019965e+000	3.577748e+000	2.092623e+000	7.500000e-001
2.053107199947622e-004	2.017338e+000	3.578561e+000	2.092878e+000	7.500000e-001
2.093107199947622e-004	2.004166e+000	3.592090e+000	2.093879e+000	7.500000e-001
2.113107199947621e-004	1.995981e+000	3.604992e+000	2.094360e+000	7.500000e-001
2.133107199947621e-004	1.986749e+000	3.621796e+000	2.094821e+000	7.500000e-001
2.153107199947621e-004	1.976495e+000	3.642245e+000	2.095258e+000	7.500000e-001
2.173107199947621e-004	1.965258e+000	3.666015e+000	2.095665e+000	7.500000e-001
2.193107199947621e-004	1.953087e+000	3.692735e+000	2.096040e+000	7.500000e-001
2.213107199947621e-004	1.940039e+000	3.722008e+000	2.096378e+000	7.500000e-001
2.233107199947621e-004	1.926181e+000	3.753431e+000	2.096675e+000	7.500000e-001
2.253107199947621e-004	1.911587e+000	3.786602e+000	2.096927e+000	7.500000e-001
2.273107199947621e-004	1.896343e+000	3.821133e+000	2.097128e+000	7.500000e-001
2.283107199947621e-004	1.888511e+000	3.838793e+000	2.097205e+000	7.500000e-001
2.293107199947621e-004	1.880558e+000	3.856655e+000	2.097262e+000	7.500000e-001
2.303107199947621e-004	1.872509e+000	3.874676e+000	2.097294e+000	7.500000e-001
2.313107199947621e-004	1.864389e+000	3.892811e+000	2.097291e+000	7.500000e-001
2.323107199947621e-004	1.856240e+000	3.911014e+000	2.097240e+000	7.500000e-001
2.333107199947621e-004	1.848115e+000	3.929237e+000	2.097122e+000	7.500000e-001
2.343107199947621e-004	1.840090e+000	3.947426e+000	2.096913e+000	7.500000e-001
2.353107199947621e-004	1.832266e+000	3.965519e+000	2.096582e+000	7.500000e-001
2.363107199947621e-004	1.824773e+000	3.983445e+000	2.096097e+000	7.500000e-001
2.373107199947621e-004	1.817770e+000	4.001118e+000	2.095427e+000	7.500000e-001
2.383107199947621e-004	1.811443e+000	4.018438e+000	2.094540e+000	7.500000e-001
2.393107199947621e-004	1.806007e+000	4.035288e+000	2.093413e+000	7.500000e-001
2.403107199947621e-004	1.801692e+000	4.051534e+000	2.092025e+000	7.500000e-001
2.413107199947621e-004	1.798743e+000	4.067021e+000	2.090367e+000	7.500000e-001
2.423107199947621e-004	1.797409e+000	4.081578e+000	2.088434e+000	7.500000e-001
2.433107199947621e-004	1.797934e+000	4.095014e+000	2.086235e+000	7.500000e-001
2.443107199947621e-004	1.800551e+000	4.107120e+000	2.083784e+000	7.500000e-001
2.453107199947621e-004	1.805474e+000	4.117667e+000	2.081103e+000	7.500000e-001
2.463107199947621e-004	1.812888e+000	4.126399e+000	2.078225e+000	7.500000e-001
2.473107199947622e-004	1.822945e+000	4.133034e+000	2.075189e+000	7.500000e-001
2.483107199947622e-004	1.835757e+000	4.137269e+000	2.072040e+000	7.500000e-001
2.493107199947622e-004	1.851390e+000	4.138785e+000	2.068833e+000	7.500000e-001
2.503107199947622e-004	1.869858e+000	4.137212e+000	2.065629e+000	7.500000e-001
2.513107199947623e-004	1.891118e+000	4.132120e+000	2.062498e+000	7.500000e-001
2.523107199947623e-004	1.915057e+000	4.123006e+000	2.059519e+000	7.500000e-001
2.533107199947623e-004	1.941491e+000	4.109262e+000	2.056779e+000	7.500000e-001
2.543107199947623e-004	1.970153e+000	4.090116e+000	2.054375e+000	7.500000e-001
2.553107199947623e-004	2.000697e+000	4.064530e+000	2.052403e+000	7.500000e-001
2.563107199947624e-004	2.032703e+000	4.030950e+000	2.050946e+000	7.500000e-001
2.573107199947624e-004	2.065715e+000	3.986619e+000	2.050034e+000	7.500000e-001
2.583107199947624e-004	2.099326e+000	3.926545e+000	2.049609e+000	7.500000e-001
2.593107199947624e-004	2.133282e+000	3.844098e+000	2.049520e+000	7.500000e-001
2.603107199947625e-004	2.167535e+000	3.734008e+000	2.049610e+000	7.500000e-001
2.613107199947625e-004	2.202165e+000	3.593989e+000	2.049806e+000	7.500000e-001
2.623107199947625e-004	2.237211e+000	3.425550e+000	2.050095e+000	7.500000e-001
2.630690897883792e-004	2.264054e+000	3.279745e+000	2.050384e+000	7.500000e-001
2.635830250844089e-004	2.282348e+000	3.172309e+000	2.050630e+000	7.500000e-001
2.641717170740625e-004	2.303304e+000	3.045082e+000	2.050961e+000	7.500000e-001
2.647201920979942e-004	2.322711e+000	2.926983e+000	2.051313e+000	7.500000e-001
2.652876942650762e-004	2.342464e+000	2.808041e+000	2.051727e+000	7.500000e-001
2.662876942650762e-004	2.376284e+000	2.607199e+000	2.052554e+000	7.500000e-001
2.672876942650763e-004	2.408675e+000	2.417313e+000	2.053483e+000	7.500000e-001
2.682876942650763e-004	2.439241e+000	2.239996e+000	2.054520e+000	7.500000e-001
2.692876942650763e-004	2.467821e+000	2.075140e+000	2.055656e+000	7.500000e-001
2.702876942650763e-004	2.494332e+000	1.922335e+000	2.056885e+000	7.500000e-001
2.712876942650764e-004	2.518731e+000	1.781023e+000	2.058199e+000	7.500000e-001
2.722876942650764e-004	2.540994e+000	1.650575e+000	2.059593e+000	7.500000e-001
2.732876942650764e-004	2.561113e+000	1.530332e+000	2.061061e+000	7.500000e-001
2.742876942650764e-004	2.579092e+000	1.419634e+000	2.062598e+000	7.500000e-001
2.752876942650765e-004	2.594938e+000	1.317839e+000	2.064200e+000	7.500000e-001
2.762876942650765e-004	2.608657e+000	1.224339e+000	2.065862e+000	7.500000e-001
2.772876942650765e-004	2.620240e+000	1.138552e+000	2.067580e+000	7.500000e-001
2.782876942650765e-004	2.629670e+000	1.059920e+000	2.069355e+000	7.500000e-001
2.792876942650766e-004	2.636907e+000	9.879209e-001	2.071203e+000	7.500000e-001
2.802876942650766e-004	2.641864e+000	9.220703e-001	2.073212e+000	7.500000e-001
2.812876942650766e-004	2.644336e+000	8.619296e-001	2.075586e+000	7.500000e-001
2.822876942650766e-004	2.643895e+000	8.071082e-001	2.078631e+000	7.500000e-001
2.832876942650767e-004	2.639857e+000	7.572702e-001	2.082613e+000	7.500000e-001
2.842876942650767e-004	2.631376e+000	7.121411e-001	2.087625e+000	7.500000e-001
2.852876942650767e-004	2.617618e+000	6.715102e-001	2.093569e+000	7.500000e-001
2.862876942650767e-004	2.597908e+000	6.352295e-001	2.100233e+000	7.500000e-001
2.872876942650768e-004	2.571793e+000	6.032115e-001	2.107382e+000	7.500000e-001
2.882876942650768e-004	2.539038e+000	5.754321e-001	2.114823e+000	7.500000e-001
2.892876942650768e-004	2.499566e+000	5.519392e-001	2.122423e+000	7.500000e-001
2.902876942650768e-004	2.453409e+000	5.328755e-001	2.130106e+000	7.500000e-001
2.912876942650768e-004	2.400666e+000	5.185215e-001	2.137831e+000	7.500000e-001
2.922876942650769e-004	2.341475e+000	5.093839e-001	2.145576e+000	7.500000e-001
2.932876942650769e-004	2.276018e+000	5.064023e-001	2.153328e+000	7.500000e-001
2.942876942650769e-004	2.204519e+000	5.116748e-001	2.161076e+000	7.500000e-001
2.952876942650769e-004	2.127495e+000	5.318309e-001	2.168798e+000	7.500000e-001
2.961220969085860e-004	2.059628e+000	5.681494e-001	2.175195e+000	7.500000e-001
2.964326555588398e-004	2.033388e+000	5.920013e-001	2.177530e+000	7.500000e-001
2.967556173815858e-004	2.005423e+000	6.276827e-001	2.179858e+000	7.500000e-001
2.971056730868212e-004	1.974652e+000	6.784127e-001	2.182055e+000	7.500000e-001
2.978057844972919e-004	1.912530e+000	8.040290e-001	2.185478e+000	7.500000e-001
2.981868942340713e-004	1.878677e+000	8.841944e-001	2.186762e+000	7.500000e-001
2.985741615202491e-004	1.844492e+000	9.750867e-001	2.187624e+000	7.500000e-001
2.990758996735028e-004	1.800707e+000	1.098146e+000	2.188564e+000	7.500000e-001
2.995403312257257e-004	1.760773e+000	1.214271e+000	2.189377e+000	7.500000e-001
3.000129896056118e-004	1.720793e+000	1.333161e+000	2.190169e+000	7.500000e-001
3.008032243814734e-004	1.656023e+000	1.530087e+000	2.191406e+000	7.500000e-001
3.016068179413695e-004	1.593036e+000	1.725118e+000	2.192559e+000	7.500000e-001
3.026068179413696e-004	1.518146e+000	1.959782e+000	2.193877e+000	7.500000e-001
3.036068179413696e-004	1.447404e+000	2.183796e+000	2.195059e+000	7.500000e-001
3.046068179413696e-004	1.380997e+000	2.395726e+000	2.196104e+000	7.500000e-001
3.056068179413696e-004	1.318818e+000	2.595158e+000	2.197015e+000	7.500000e-001
3.066068179413697e-004	1.260709e+000	2.782058e+000	2.197796e+000	7.500000e-001
3.076068179413697e-004	1.206488e+000	2.956637e+000	2.198452e+000	7.500000e-001
3.086068179413697e-004	1.155959e+000	3.119265e+000	2.198986e+000	7.500000e-001
3.096068179413697e-004	1.108920e+000	3.270412e+000	2.199402e+000	7.500000e-001
3.106068179413698e-004	1.065171e+000	3.410614e+000	2.199707e+000	7.500000e-001
3.116068179413698e-004	1.024515e+000	3.540438e+000	2.199907e+000	7.500000e-001
3.126068179413698e-004	9.867615e-001	3.660472e+000	2.200013e+000	7.500000e-001
3.136068179413698e-004	9.517263e-001	3.771307e+000	2.200005e+000	7.500000e-001
3.146068179413698e-004	9.192452e-001	3.873524e+000	2.199717e+000	7.500000e-001
3.156068179413699e-004	8.891987e-001	3.967693e+000	2.198715e+000	7.500000e-001
3.166068179413699e-004	8.615360e-001	4.054359e+000	2.196460e+000	7.500000e-001
3.176068179413699e-004	8.362613e-001	4.134047e+000	2.192684e+000	7.500000e-001
3.186068179413699e-004	8.133804e-001	4.207257e+000	2.187562e+000	7.500000e-001
3.196068179413700e-004	7.928508e-001	4.274462e+000	2.181555e+000	7.500000e-001
3.206068179413700e-004	7.745742e-001	4.336111e+000	2.175134e+000	7.500000e-001
3.216068179413700e-004	7.584229e-001	4.392628e+000	2.168586e+000	7.500000e-001
3.226068179413700e-004	7.442692e-001	4.444412e+000	2.162014e+000	7.500000e-001
3.236068179413701e-004	7.319967e-001	4.491839e+000	2.155440e+000	7.500000e-001
3.246068179413701e-004	7.215022e-001	4.535257e+000	2.148866e+000	7.500000e-001
3.256068179413701e-004	7.126951e-001	4.574991e+000	2.142293e+000	7.500000e-001
3.266068179413701e-004	7.054965e-001	4.611343e+000	2.135722e+000	7.500000e-001
3.276068179413702e-004	6.998401e-001	4.644591e+000	2.129152e+000	7.500000e-001
3.286068179413702e-004	6.956722e-001	4.674992e+000	2.122583e+000	7.500000e-001
3.296068179413702e-004	6.929528e-001	4.702783e+000	2.116015e+000	7.500000e-001
3.306068179413702e-004	6.916569e-001	4.728180e+000	2.109449e+000	7.500000e-001
3.316068179413703e-004	6.917776e-001	4.751385e+000	2.102885e+000	7.500000e-001
3.326068179413703e-004	6.933291e-001	4.772577e+000	2.096322e+000	7.500000e-001
3.336068179413703e-004	6.963542e-001	4.791925e+000	2.089760e+000	7.500000e-001
3.346068179413703e-004	7.009348e-001	4.809580e+000	2.083199e+000	7.500000e-001
3.356068179413704e-004	7.072118e-001	4.825677e+000	2.076640e+000	7.500000e-001
3.366068179413704e-004	7.154188e-001	4.840339e+000	2.070083e+000	7.500000e-001
3.376068179413704e-004	7.259392e-001	4.853672e+000	2.063527e+000	7.500000e-001
3.386068179413704e-004	7.393560e-001	4.865766e+000	2.056972e+000	7.500000e-001
3.396068179413705e-004	7.563997e-001	4.876690e+000	2.050419e+000	7.500000e-001
3.406068179413705e-004	7.777637e-001	4.886490e+000	2.043868e+000	7.500000e-001
3.416068179413705e-004	8.039382e-001	4.895182e+000	2.037317e+000	7.500000e-001
3.426068179413705e-004	8.351891e-001	4.902751e+000	2.030768e+000	7.500000e-001
3.436068179413706e-004	8.716323e-001	4.909145e+000	2.024221e+000	7.500000e-001
3.446068179413706e-004	9.133088e-001	4.914273e+000	2.017675e+000	7.500000e-001
3.456068179413706e-004	9.602240e-001	4.917995e+000	2.011130e+000	7.500000e-001
3.466068179413706e-004	1.012363e+000	4.920125e+000	2.004587e+000	7.500000e-001
3.476068179413707e-004	1.069696e+000	4.920416e+000	1.998045e+000	7.500000e-001
3.486068179413707e-004	1.132185e+000	4.918561e+000	1.991505e+000	7.500000e-001
3.496068179413707e-004	1.199780e+000	4.914181e+000	1.984966e+000	7.500000e-001
3.506068179413707e-004	1.272432e+000	4.906817e+000	1.978428e+000	7.500000e-001
3.516068179413707e-004	1.350083e+000	4.895910e+000	1.971892e+000	7.500000e-001
3.526068179413708e-004	1.432676e+000	4.880769e+000	1.965357e+000	7.500000e-001
3.536068179413708e-004	1.520152e+000	4.860525e+000	1.958823e+000	7.500000e-001
3.546068179413708e-004	1.612450e+000	4.834064e+000	1.952291e+000	7.500000e-001
3.556068179413708e-004	1.709514e+000	4.799870e+000	1.945759e+000	7.500000e-001
3.566068179413709e-004	1.811278e+000	4.755694e+000	1.939229e+000	7.500000e-001
3.576068179413709e-004	1.917568e+000	4.697627e+000	1.932699e+000	7.500000e-001
3.586068179413709e-004	2.027845e+000	4.615057e+000	1.926170e+000	7.500000e-001
3.596068179413709e-004	2.140933e+000	4.494117e+000	1.919640e+000	7.500000e-001
3.601420764243621e-004	2.202328e+000	4.399704e+000	1.916152e+000	7.500000e-001
3.606341292497086e-004	2.259133e+000	4.286141e+000	1.912982e+000	7.500000e-001
3.608822871174228e-004	2.287819e+000	4.219308e+000	1.911456e+000	7.500000e-001
3.610590032326767e-004	2.308220e+000	4.166847e+000	1.910502e+000	7.500000e-001
3.613124203048021e-004	2.337390e+000	4.088089e+000	1.909380e+000	7.500000e-001
3.614473036310012e-004	2.352844e+000	4.045347e+000	1.908941e+000	7.500000e-001
3.616475776527059e-004	2.375623e+000	3.981457e+000	1.908546e+000	7.500000e-001
3.619423161764313e-004	2.408813e+000	3.887762e+000	1.908262e+000	7.500000e-001
3.622717312525130e-004	2.445399e+000	3.784003e+000	1.908165e+000	7.500000e-001
3.626200489155135e-004	2.483397e+000	3.675959e+000	1.908171e+000	7.500000e-001
3.630380451460781e-004	2.528049e+000	3.548967e+000	1.908226e+000	7.500000e-001
3.634899282736259e-004	2.574882e+000	3.416115e+000	1.908335e+000	7.500000e-001
3.643936945287217e-004	2.664980e+000	3.161856e+000	1.908666e+000	7.500000e-001
3.652263710436954e-004	2.744265e+000	2.939774e+000	1.909091e+000	7.500000e-001
3.659879740655217e-004	2.812958e+000	2.749175e+000	1.909596e+000	7.500000e-001
3.668266548106105e-004	2.884351e+000	2.553099e+000	1.910273e+000	7.500000e-001
3.678266548106105e-004	2.964309e+000	2.335852e+000	1.911216e+000	7.500000e-001
3.688266548106106e-004	3.038953e+000	2.135327e+000	1.912290e+000	7.500000e-001
3.698266548106106e-004	3.108292e+000	1.951180e+000	1.913487e+000	7.500000e-001
3.708266548106106e-004	3.172589e+000	1.782284e+000	1.914796e+000	7.500000e-001
3.718266548106106e-004	3.232113e+000	1.627535e+000	1.916208e+000	7.500000e-001
3.728266548106107e-004	3.287131e+000	1.485864e+000	1.917713e+000	7.500000e-001
3.738266548106107e-004	3.337907e+000	1.356260e+000	1.919303e+000	7.500000e-001
3.748266548106107e-004	3.384696e+000	1.237765e+000	1.920974e+000	7.500000e-001
3.758266548106107e-004	3.427745e+000	1.129484e+000	1.922719e+000	7.500000e-001
3.768266548106108e-004	3.467287e+000	1.030583e+000	1.924548e+000	7.500000e-001
3.778266548106108e-004	3.503524e+000	9.402837e-001	1.926554e+000	7.500000e-001
3.788266548106108e-004	3.536594e+000	8.578690e-001	1.929034e+000	7.500000e-001
3.798266548106108e-004	3.566517e+000	7.826751e-001	1.932481e+000	7.500000e-001
3.808266548106109e-004	3.593200e+000	7.140911e-001	1.937275e+000	7.500000e-001
3.818266548106109e-004	3.616509e+000	6.515578e-001	1.943393e+000	7.500000e-001
3.828266548106109e-004	3.636365e+000	5.945638e-001	1.950460e+000	7.500000e-001
3.838266548106109e-004	3.652784e+000	5.426412e-001	1.958033e+000	7.500000e-001
3.848266548106110e-004	3.665866e+000	4.953615e-001	1.965814e+000	7.500000e-001
3.858266548106110e-004	3.675747e+000	4.523310e-001	1.973664e+000	7.500000e-001
3.868266548106110e-004	3.682570e+000	4.131890e-001	1.981535e+000	7.500000e-001
3.878266548106110e-004	3.686457e+000	3.776047e-001	1.989411e+000	7.500000e-001
3.888266548106111e-004	3.687514e+000	3.452761e-001	1.997288e+000	7.500000e-001
3.898266548106111e-004	3.685818e+000	3.159271e-001	2.005164e+000	7.500000e-001
3.908266548106111e-004	3.681417e+000	2.893067e-001	2.013038e+000	7.500000e-001
3.918266548106111e-004	3.674328e+000	2.651865e-001	2.020909e+000	7.500000e-001
3.928266548106112e-004	3.664531e+000	2.433599e-001	2.028778e+000	7.500000e-001
3.938266548106112e-004	3.651958e+000	2.236406e-001	2.036645e+000	7.500000e-001
3.948266548106112e-004	3.636486e+000	2.058616e-001	2.044508e+000	7.500000e-001
3.958266548106112e-004	3.617916e+000	1.898747e-001	2.052369e+000	7.500000e-001
3.968266548106113e-004	3.595955e+000	1.755498e-001	2.060226e+000	7.500000e-001
3.978266548106113e-004	3.570205e+000	1.627755e-001	2.068080e+000	7.500000e-001
3.988266548106113e-004	3.540169e+000	1.514595e-001	2.075931e+000	7.500000e-001
3.998266548106113e-004	3.505321e+000	1.415292e-001	2.083779e+000	7.500000e-001
4.008266548106114e-004	3.465215e+000	1.329322e-001	2.091623e+000	7.500000e-001
4.018266548106114e-004	3.419575e+000	1.256349e-001	2.099463e+000	7.500000e-001
4.028266548106114e-004	3.368309e+000	1.196229e-001	2.107300e+000	7.500000e-001
4.038266548106114e-004	3.311424e+000	1.149015e-001	2.115132e+000	7.500000e-001
4.048266548106114e-004	3.248961e+000	1.114961e-001	2.122961e+000	7.500000e-001
4.058266548106115e-004	3.180963e+000	1.094536e-001	2.130785e+000	7.500000e-001
4.068266548106115e-004	3.107470e+000	1.088473e-001	2.138604e+000	7.500000e-001
4.078266548106115e-004	3.028523e+000	1.097827e-001	2.146419e+000	7.500000e-001
4.088266548106115e-004	2.944163e+000	1.124058e-001	2.154230e+000	7.500000e-001
4.098266548106116e-004	2.854439e+000	1.169194e-001	2.162036e+000	7.500000e-001
4.108266548106116e-004	2.759411e+000	1.236004e-001	2.169839e+000	7.500000e-001
4.118266548106116e-004	2.659176e+000	1.328325e-001	2.177638e+000	7.500000e-001
4.128266548106116e-004	2.553899e+000	1.451745e-001	2.185433e+000	7.500000e-001
4.138266548106117e-004	2.443859e+000	1.614935e-001	2.193225e+000	7.500000e-001
4.148266548106117e-004	2.329595e+000	1.832905e-001	2.201014e+000	7.500000e-001
4.158266548106117e-004	2.212366e+000	2.142183e-001	2.208800e+000	7.500000e-001
4.168266548106117e-004	2.094342e+000	2.654473e-001	2.216585e+000	7.500000e-001
4.175761514747343e-004	2.006724e+000	3.301868e-001	2.222420e+000	7.500000e-001
4.178437404017420e-004	1.975993e+000	3.659398e-001	2.224504e+000	7.500000e-001
4.181148319407343e-004	1.945385e+000	4.132911e-001	2.226615e+000	7.500000e-001
4.184056882117314e-004	1.913021e+000	4.726582e-001	2.228873e+000	7.500000e-001
4.187500916399516e-004	1.875394e+000	5.530257e-001	2.231467e+000	7.500000e-001
4.192186769913658e-004	1.825323e+000	6.735500e-001	2.234590e+000	7.500000e-001
4.196732456718617e-004	1.777963e+000	7.971468e-001	2.236872e+000	7.500000e-001
4.200487009505144e-004	1.739962e+000	9.018756e-001	2.238077e+000	7.500000e-001
4.204788195757660e-004	1.697830e+000	1.022589e+000	2.238993e+000	7.500000e-001
4.210545955418172e-004	1.643460e+000	1.183306e+000	2.240028e+000	7.500000e-001
4.216832100551445e-004	1.586252e+000	1.356690e+000	2.241086e+000	7.500000e-001
4.224469559452684e-004	1.520365e+000	1.561887e+000	2.242277e+000	7.500000e-001
4.228865356081217e-004	1.484472e+000	1.675974e+000	2.242911e+000	7.500000e-001
4.237656949338284e-004	1.416202e+000	1.896016e+000	2.244087e+000	7.500000e-001
4.247656949338284e-004	1.343223e+000	2.134466e+000	2.245300e+000	7.500000e-001
4.257656949338284e-004	1.275429e+000	2.358805e+000	2.246373e+000	7.500000e-001
4.267656949338284e-004	1.212645e+000	2.568576e+000	2.247305e+000	7.500000e-001
4.277656949338285e-004	1.154530e+000	2.764051e+000	2.248102e+000	7.500000e-001
4.287656949338285e-004	1.100762e+000	2.945696e+000	2.248768e+000	7.500000e-001
4.297656949338285e-004	1.051035e+000	3.114098e+000	2.249309e+000	7.500000e-001
4.307656949338285e-004	1.005062e+000	3.269917e+000	2.249729e+000	7.500000e-001
4.317656949338286e-004	9.625752e-001	3.413847e+000	2.250032e+000	7.500000e-001
4.327656949338286e-004	9.233229e-001	3.546600e+000	2.250227e+000	7.500000e-001
4.337656949338286e-004	8.870703e-001	3.668883e+000	2.250322e+000	7.500000e-001
4.347656949338286e-004	8.535997e-001	3.781393e+000	2.250290e+000	7.500000e-001
4.357656949338287e-004	8.227170e-001	3.884805e+000	2.249938e+000	7.500000e-001
4.367656949338287e-004	7.942722e-001	3.979767e+000	2.248793e+000	7.500000e-001
4.377656949338287e-004	7.681744e-001	4.066899e+000	2.246322e+000	7.500000e-001
4.387656949338287e-004	7.443764e-001	4.146787e+000	2.242311e+000	7.500000e-001
4.397656949338288e-004	7.228298e-001	4.219986e+000	2.236999e+000	7.500000e-001
4.407656949338288e-004	7.034504e-001	4.287018e+000	2.230879e+000	7.500000e-001
4.417656949338288e-004	6.861169e-001	4.348372e+000	2.224409e+000	7.500000e-001
4.427656949338288e-004	6.706936e-001	4.404508e+000	2.217841e+000	7.500000e-001
4.437656949338288e-004	6.570506e-001	4.455850e+000	2.211257e+000	7.500000e-001
4.447656949338289e-004	6.450691e-001	4.502798e+000	2.204670e+000	7.500000e-001
4.457656949338289e-004	6.346411e-001	4.545716e+000	2.198085e+000	7.500000e-001
4.467656949338289e-004	6.256688e-001	4.584946e+000	2.191501e+000	7.500000e-001
4.477656949338289e-004	6.180637e-001	4.620799e+000	2.184918e+000	7.500000e-001
4.487656949338290e-004	6.117460e-001	4.653561e+000	2.178337e+000	7.500000e-001
4.497656949338290e-004	6.066439e-001	4.683496e+000	2.171757e+000	7.500000e-001
4.507656949338290e-004	6.026940e-001	4.710847e+000	2.165178e+000	7.500000e-001
4.517656949338290e-004	5.998404e-001	4.735834e+000	2.158600e+000	7.500000e-001
4.527656949338291e-004	5.980348e-001	4.758660e+000	2.152024e+000	7.500000e-001
4.537656949338291e-004	5.972369e-001	4.779511e+000	2.145449e+000	7.500000e-001
4.547656949338291e-004	5.974141e-001	4.798556e+000	2.138875e+000	7.500000e-001
4.557656949338291e-004	5.985410e-001	4.815952e+000	2.132304e+000	7.500000e-001
4.567656949338292e-004	6.006002e-001	4.831838e+000	2.125733e+000	7.500000e-001
4.577656949338292e-004	6.035835e-001	4.846345e+000	2.119164e+000	7.500000e-001
4.587656949338292e-004	6.074926e-001	4.859591e+000	2.112596e+000	7.500000e-001
4.597656949338292e-004	6.123412e-001	4.871684e+000	2.106030e+000	7.500000e-001
4.607656949338293e-004	6.181576e-001	4.882720e+000	2.099465e+000	7.500000e-001
4.617656949338293e-004	6.249891e-001	4.892790e+000	2.092902e+000	7.500000e-001
4.627656949338293e-004	6.329076e-001	4.901973e+000	2.086340e+000	7.500000e-001
4.637656949338293e-004	6.420211e-001	4.910342e+000	2.079780e+000	7.500000e-001
4.647656949338294e-004	6.524928e-001	4.917961e+000	2.073221e+000	7.500000e-001
4.657656949338294e-004	6.645751e-001	4.924887e+000	2.066663e+000	7.500000e-001
4.667656949338294e-004	6.786723e-001	4.931166e+000	2.060108e+000	7.500000e-001
4.677656949338294e-004	6.954082e-001	4.936836e+000	2.053554e+000	7.500000e-001
4.687656949338295e-004	7.155952e-001	4.941916e+000	2.047001e+000	7.500000e-001
4.697656949338295e-004	7.400334e-001	4.946411e+000	2.040450e+000	7.500000e-001
4.707656949338295e-004	7.692947e-001	4.950295e+000	2.033900e+000	7.500000e-001
4.717656949338295e-004	8.036814e-001	4.953516e+000	2.027351e+000	7.500000e-001
4.727656949338296e-004	8.433175e-001	4.955982e+000	2.020804e+000	7.500000e-001
4.737656949338296e-004	8.882394e-001	4.957560e+000	2.014259e+000	7.500000e-001
4.747656949338296e-004	9.384432e-001	4.958070e+000	2.007715e+000	7.500000e-001
4.757656949338296e-004	9.939031e-001	4.957280e+000	2.001172e+000	7.500000e-001
4.767656949338296e-004	1.054579e+000	4.954900e+000	1.994631e+000	7.500000e-001
4.777656949338297e-004	1.120419e+000	4.950577e+000	1.988091e+000	7.500000e-001
4.787656949338297e-004	1.191368e+000	4.943886e+000	1.981553e+000	7.500000e-001
4.797656949338297e-004	1.267362e+000	4.934317e+000	1.975016e+000	7.500000e-001
4.807656949338297e-004	1.348337e+000	4.921258e+000	1.968480e+000	7.500000e-001
4.817656949338298e-004	1.434227e+000	4.903963e+000	1.961946e+000	7.500000e-001
4.827656949338298e-004	1.524965e+000	4.881494e+000	1.955413e+000	7.500000e-001
4.837656949338298e-004	1.620482e+000	4.852647e+000	1.948881e+000	7.500000e-001
4.847656949338298e-004	1.720713e+000	4.815783e+000	1.942351e+000	7.500000e-001
4.857656949338299e-004	1.825567e+000	4.768424e+000	1.935821e+000	7.500000e-001
4.867656949338299e-004	1.934769e+000	4.706089e+000	1.929292e+000	7.500000e-001
4.877656949338299e-004	2.047599e+000	4.615976e+000	1.922763e+000	7.500000e-001
4.887656949338299e-004	2.162767e+000	4.483616e+000	1.916233e+000	7.500000e-001
4.892238711340297e-004	2.216074e+000	4.396730e+000	1.913247e+000	7.500000e-001
4.896524380265284e-004	2.266131e+000	4.293104e+000	1.910480e+000	7.500000e-001
4.898689991865359e-004	2.291429e+000	4.233403e+000	1.909135e+000	7.500000e-001
4.900351697491794e-004	2.310808e+000	4.183528e+000	1.908207e+000	7.500000e-001
4.902636089404268e-004	2.337373e+000	4.112078e+000	1.907124e+000	7.500000e-001
4.903941824113852e-004	2.352492e+000	4.070471e+000	1.906645e+000	7.500000e-001
4.905837109920953e-004	2.374289e+000	4.009672e+000	1.906193e+000	7.500000e-001
4.908780722661047e-004	2.407812e+000	3.915520e+000	1.905824e+000	7.500000e-001
4.912119375241338e-004	2.445293e+000	3.809715e+000	1.905680e+000	7.500000e-001
4.916021487513971e-004	2.488308e+000	3.687925e+000	1.905672e+000	7.500000e-001
4.919913607799816e-004	2.530316e+000	3.568898e+000	1.905720e+000	7.500000e-001
4.924104048792805e-004	2.574235e+000	3.444698e+000	1.905815e+000	7.500000e-001
4.932484930778781e-004	2.658691e+000	3.206994e+000	1.906111e+000	7.500000e-001
4.942115556133469e-004	2.751266e+000	2.948282e+000	1.906592e+000	7.500000e-001
4.949973693339858e-004	2.822656e+000	2.750620e+000	1.907109e+000	7.500000e-001
4.958576696456038e-004	2.896160e+000	2.549207e+000	1.907805e+000	7.500000e-001
4.968576696456038e-004	2.976303e+000	2.331905e+000	1.908752e+000	7.500000e-001
4.978576696456038e-004	3.051049e+000	2.131461e+000	1.909830e+000	7.500000e-001
4.988576696456038e-004	3.120449e+000	1.947421e+000	1.911030e+000	7.500000e-001
4.998576696456039e-004	3.184772e+000	1.778650e+000	1.912342e+000	7.500000e-001
5.008576696456039e-004	3.244297e+000	1.624035e+000	1.913756e+000	7.500000e-001
5.018576696456039e-004	3.299294e+000	1.482507e+000	1.915262e+000	7.500000e-001
5.028576696456039e-004	3.350036e+000	1.353047e+000	1.916854e+000	7.500000e-001
5.038576696456040e-004	3.396785e+000	1.234697e+000	1.918525e+000	7.500000e-001
5.048576696456040e-004	3.439790e+000	1.126561e+000	1.920270e+000	7.500000e-001
5.058576696456040e-004	3.479286e+000	1.027802e+000	1.922101e+000	7.500000e-001
5.068576696456040e-004	3.515473e+000	9.376432e-001	1.924113e+000	7.500000e-001
5.078576696456041e-004	3.548488e+000	8.553635e-001	1.926614e+000	7.500000e-001
5.088576696456041e-004	3.578354e+000	7.802990e-001	1.930098e+000	7.500000e-001
5.098576696456041e-004	3.604980e+000	7.118387e-001	1.934938e+000	7.500000e-001
5.108576696456041e-004	3.628243e+000	6.494228e-001	1.941094e+000	7.500000e-001
5.118576696456042e-004	3.648070e+000	5.925397e-001	1.948184e+000	7.500000e-001
5.128576696456042e-004	3.664487e+000	5.407213e-001	1.955767e+000	7.500000e-001
5.138576696456042e-004	3.677598e+000	4.935387e-001	1.963550e+000	7.500000e-001
5.148576696456042e-004	3.687546e+000	4.505981e-001	1.971400e+000	7.500000e-001
5.158576696456043e-004	3.694474e+000	4.115385e-001	1.979269e+000	7.500000e-001
5.168576696456043e-004	3.698509e+000	3.760292e-001	1.987143e+000	7.500000e-001
5.178576696456043e-004	3.699759e+000	3.437678e-001	1.995018e+000	7.500000e-001
5.188576696456043e-004	3.698307e+000	3.144783e-001	2.002892e+000	7.500000e-001
5.198576696456044e-004	3.694207e+000	2.879093e-001	2.010764e+000	7.500000e-001
5.208576696456044e-004	3.687486e+000	2.638322e-001	2.018633e+000	7.500000e-001
5.218576696456044e-004	3.678135e+000	2.420401e-001	2.026500e+000	7.500000e-001
5.228576696456044e-004	3.666102e+000	2.223461e-001	2.034365e+000	7.500000e-001
5.238576696456045e-004	3.651287e+000	2.045824e-001	2.042227e+000	7.500000e-001
5.248576696456045e-004	3.633519e+000	1.885994e-001	2.050085e+000	7.500000e-001
5.258576696456045e-004	3.612546e+000	1.742656e-001	2.057941e+000	7.500000e-001
5.268576696456045e-004	3.588010e+000	1.614671e-001	2.065793e+000	7.500000e-001
5.278576696456046e-004	3.559446e+000	1.501087e-001	2.073642e+000	7.500000e-001
5.288576696456046e-004	3.526323e+000	1.401138e-001	2.081488e+000	7.500000e-001
5.298576696456046e-004	3.488137e+000	1.314259e-001	2.089330e+000	7.500000e-001
5.308576696456046e-004	3.444519e+000	1.240077e-001	2.097169e+000	7.500000e-001
5.318576696456047e-004	3.395293e+000	1.178411e-001	2.105004e+000	7.500000e-001
5.328576696456047e-004	3.340422e+000	1.129262e-001	2.112835e+000	7.500000e-001
5.338576696456047e-004	3.279932e+000	1.092824e-001	2.120662e+000	7.500000e-001
5.348576696456047e-004	3.213854e+000	1.069503e-001	2.128485e+000	7.500000e-001
5.358576696456047e-004	3.142223e+000	1.059946e-001	2.136304e+000	7.500000e-001
5.368576696456048e-004	3.065069e+000	1.065100e-001	2.144118e+000	7.500000e-001
5.378576696456048e-004	2.982429e+000	1.086278e-001	2.151928e+000	7.500000e-001
5.388576696456048e-004	2.894342e+000	1.125279e-001	2.159735e+000	7.500000e-001
5.398576696456048e-004	2.800869e+000	1.184555e-001	2.167537e+000	7.500000e-001
5.408576696456049e-004	2.702101e+000	1.267509e-001	2.175336e+000	7.500000e-001
5.418576696456049e-004	2.598182e+000	1.378990e-001	2.183131e+000	7.500000e-001
5.428576696456049e-004	2.489347e+000	1.526277e-001	2.190923e+000	7.500000e-001
5.438576696456049e-004	2.376021e+000	1.721295e-001	2.198713e+000	7.500000e-001
5.448576696456050e-004	2.259149e+000	1.987716e-001	2.206499e+000	7.500000e-001
5.458576696456050e-004	2.140563e+000	2.386782e-001	2.214284e+000	7.500000e-001
5.466017766523338e-004	2.052533e+000	2.856818e-001	2.220076e+000	7.500000e-001
5.469309297536011e-004	2.014131e+000	3.187809e-001	2.222639e+000	7.500000e-001
5.472602243445451e-004	1.976351e+000	3.655572e-001	2.225203e+000	7.500000e-001
5.476082812603397e-004	1.937061e+000	4.277744e-001	2.227911e+000	7.500000e-001
5.479846965156648e-004	1.895323e+000	5.080422e-001	2.230821e+000	7.500000e-001
5.483399939542350e-004	1.856704e+000	5.943011e-001	2.233450e+000	7.500000e-001
5.487240735889007e-004	1.815885e+000	6.955727e-001	2.235889e+000	7.500000e-001
5.491509182217984e-004	1.771595e+000	8.128452e-001	2.237875e+000	7.500000e-001
5.495044551699670e-004	1.735880e+000	9.117084e-001	2.238938e+000	7.500000e-001
5.499074891045667e-004	1.696369e+000	1.024949e+000	2.239775e+000	7.500000e-001
5.503953274944545e-004	1.650067e+000	1.161413e+000	2.240654e+000	7.500000e-001
5.509150680156805e-004	1.602417e+000	1.305232e+000	2.241536e+000	7.500000e-001
5.517705325362481e-004	1.527730e+000	1.536548e+000	2.242892e+000	7.500000e-001
5.521792036060968e-004	1.494020e+000	1.643312e+000	2.243489e+000	7.500000e-001
5.529965457457943e-004	1.429778e+000	1.849644e+000	2.244601e+000	7.500000e-001
5.539965457457943e-004	1.355781e+000	2.090651e+000	2.245840e+000	7.500000e-001
5.549965457457944e-004	1.286954e+000	2.317795e+000	2.246939e+000	7.500000e-001
5.559965457457944e-004	1.223213e+000	2.530342e+000	2.247897e+000	7.500000e-001
5.569965457457944e-004	1.164212e+000	2.728513e+000	2.248719e+000	7.500000e-001
5.579965457457944e-004	1.109625e+000	2.912748e+000	2.249409e+000	7.500000e-001
5.589965457457945e-004	1.059140e+000	3.083616e+000	2.249973e+000	7.500000e-001
5.599965457457945e-004	1.012468e+000	3.241765e+000	2.250415e+000	7.500000e-001
5.609965457457945e-004	9.693340e-001	3.387889e+000	2.250740e+000	7.500000e-001
5.619965457457945e-004	9.294844e-001	3.522697e+000	2.250955e+000	7.500000e-001
5.629965457457946e-004	8.926804e-001	3.646898e+000	2.251068e+000	7.500000e-001
5.639965457457946e-004	8.587002e-001	3.761193e+000	2.251067e+000	7.500000e-001
5.649965457457946e-004	8.273436e-001	3.866262e+000	2.250802e+000	7.500000e-001
5.659965457457946e-004	7.984505e-001	3.962759e+000	2.249849e+000	7.500000e-001
5.669965457457946e-004	7.719182e-001	4.051310e+000	2.247653e+000	7.500000e-001
5.679965457457947e-004	7.476934e-001	4.132508e+000	2.243922e+000	7.500000e-001
5.689965457457947e-004	7.257311e-001	4.206914e+000	2.238818e+000	7.500000e-001
5.699965457457947e-004	7.059543e-001	4.275057e+000	2.232809e+000	7.500000e-001
5.709965457457947e-004	6.882467e-001	4.337432e+000	2.226378e+000	7.500000e-001
5.719965457457948e-004	6.724736e-001	4.394505e+000	2.219819e+000	7.500000e-001
5.729965457457948e-004	6.585029e-001	4.446706e+000	2.213235e+000	7.500000e-001
5.739965457457948e-004	6.462135e-001	4.494441e+000	2.206648e+000	7.500000e-001
5.749965457457948e-004	6.354956e-001	4.538080e+000	2.200063e+000	7.500000e-001
5.759965457457949e-004	6.262494e-001	4.577970e+000	2.193478e+000	7.500000e-001
5.769965457457949e-004	6.183846e-001	4.614425e+000	2.186895e+000	7.500000e-001
5.779965457457949e-004	6.118194e-001	4.647739e+000	2.180313e+000	7.500000e-001
5.789965457457949e-004	6.064809e-001	4.678179e+000	2.173733e+000	7.500000e-001
5.799965457457950e-004	6.023037e-001	4.705990e+000	2.167153e+000	7.500000e-001
5.809965457457950e-004	5.992303e-001	4.731399e+000	2.160575e+000	7.500000e-001
5.819965457457950e-004	5.972108e-001	4.754610e+000	2.153999e+000	7.500000e-001
5.829965457457950e-004	5.962027e-001	4.775813e+000	2.147423e+000	7.500000e-001
5.839965457457951e-004	5.961714e-001	4.795181e+000	2.140850e+000	7.500000e-001
5.849965457457951e-004	5.970900e-001	4.812870e+000	2.134277e+000	7.500000e-001
5.859965457457951e-004	5.989395e-001	4.829025e+000	2.127706e+000	7.500000e-001
5.869965457457951e-004	6.017092e-001	4.843779e+000	2.121136e+000	7.500000e-001
5.879965457457952e-004	6.053980e-001	4.857250e+000	2.114568e+000	7.500000e-001
5.889965457457952e-004	6.100162e-001	4.869548e+000	2.108001e+000	7.500000e-001
5.899965457457952e-004	6.155876e-001	4.880774e+000	2.101436e+000	7.500000e-001
5.909965457457952e-004	6.221533e-001	4.891016e+000	2.094872e+000	7.500000e-001
5.919965457457953e-004	6.297773e-001	4.900360e+000	2.088310e+000	7.500000e-001
5.929965457457953e-004	6.385553e-001	4.908876e+000	2.081749e+000	7.500000e-001
5.939965457457953e-004	6.486311e-001	4.916632e+000	2.075190e+000	7.500000e-001
5.949965457457953e-004	6.602251e-001	4.923686e+000	2.068632e+000	7.500000e-001
5.959965457457954e-004	6.736873e-001	4.930087e+000	2.062076e+000	7.500000e-001
5.969965457457954e-004	6.895708e-001	4.935874e+000	2.055521e+000	7.500000e-001
5.979965457457954e-004	7.086459e-001	4.941074e+000	2.048968e+000	7.500000e-001
5.989965457457954e-004	7.317450e-001	4.945695e+000	2.042417e+000	7.500000e-001
5.999965457457954e-004	7.595230e-001	4.949721e+000	2.035866e+000	7.500000e-001
6.009965457457955e-004	7.923580e-001	4.953109e+000	2.029317e+000	7.500000e-001
6.019965457457955e-004	8.304176e-001	4.955777e+000	2.022770e+000	7.500000e-001
6.029965457457955e-004	8.737583e-001	4.957607e+000	2.016224e+000	7.500000e-001
6.039965457457955e-004	9.223853e-001	4.958432e+000	2.009679e+000	7.500000e-001
6.049965457457956e-004	9.762785e-001	4.958035e+000	2.003136e+000	7.500000e-001
6.059965457457956e-004	1.035401e+000	4.956146e+000	1.996595e+000	7.500000e-001
6.069965457457956e-004	1.099705e+000	4.952432e+000	1.990055e+000	7.500000e-001
6.079965457457956e-004	1.169135e+000	4.946489e+000	1.983516e+000	7.500000e-001
6.089965457457957e-004	1.243630e+000	4.937835e+000	1.976979e+000	7.500000e-001
6.099965457457957e-004	1.323126e+000	4.925891e+000	1.970443e+000	7.500000e-001
6.109965457457957e-004	1.407557e+000	4.909954e+000	1.963908e+000	7.500000e-001
6.119965457457957e-004	1.496854e+000	4.889150e+000	1.957375e+000	7.500000e-001
6.129965457457958e-004	1.590951e+000	4.862371e+000	1.950842e+000	7.500000e-001
6.139965457457958e-004	1.689782e+000	4.828137e+000	1.944311e+000	7.500000e-001
6.149965457457958e-004	1.793271e+000	4.784290e+000	1.937781e+000	7.500000e-001
6.159965457457958e-004	1.901227e+000	4.727200e+000	1.931252e+000	7.500000e-001
6.169965457457959e-004	2.013078e+000	4.647629e+000	1.924723e+000	7.500000e-001
6.179965457457959e-004	2.127599e+000	4.533880e+000	1.918194e+000	7.500000e-001
6.185060541129363e-004	2.186690e+000	4.450160e+000	1.914868e+000	7.500000e-001
6.189685044563375e-004	2.240615e+000	4.347250e+000	1.911889e+000	7.500000e-001
6.194656081055852e-004	2.298602e+000	4.213607e+000	1.908878e+000	7.500000e-001
6.197749214493795e-004	2.334579e+000	4.120453e+000	1.907309e+000	7.500000e-001
6.200068496496590e-004	2.361386e+000	4.046803e+000	1.906492e+000	7.500000e-001
6.202645306146356e-004	2.390893e+000	3.964211e+000	1.905986e+000	7.500000e-001
6.205738248710531e-004	2.425879e+000	3.865590e+000	1.905735e+000	7.500000e-001
6.209065599805327e-004	2.462967e+000	3.760625e+000	1.905670e+000	7.500000e-001
6.212026038431216e-004	2.495377e+000	3.668719e+000	1.905684e+000	7.500000e-001
6.216113265956399e-004	2.539153e+000	3.544602e+000	1.905745e+000	7.500000e-001
6.221438188457539e-004	2.594580e+000	3.387829e+000	1.905876e+000	7.500000e-001
6.228704594634176e-004	2.667304e+000	3.183170e+000	1.906147e+000	7.500000e-001
6.237954378362261e-004	2.755690e+000	2.936202e+000	1.906623e+000	7.500000e-001
6.245433996386971e-004	2.823472e+000	2.748478e+000	1.907119e+000	7.500000e-001
6.253730371460715e-004	2.894306e+000	2.554275e+000	1.907791e+000	7.500000e-001
6.263730371460715e-004	2.974494e+000	2.336696e+000	1.908736e+000	7.500000e-001
6.273730371460716e-004	3.049330e+000	2.135858e+000	1.909810e+000	7.500000e-001
6.283730371460716e-004	3.118817e+000	1.951450e+000	1.911008e+000	7.500000e-001
6.293730371460716e-004	3.183226e+000	1.782339e+000	1.912317e+000	7.500000e-001
6.303730371460716e-004	3.242831e+000	1.627411e+000	1.913728e+000	7.500000e-001
6.313730371460717e-004	3.297908e+000	1.485593e+000	1.915233e+000	7.500000e-001
6.323730371460717e-004	3.348725e+000	1.355868e+000	1.916823e+000	7.500000e-001
6.333730371460717e-004	3.395545e+000	1.237273e+000	1.918492e+000	7.500000e-001
6.343730371460717e-004	3.438618e+000	1.128912e+000	1.920236e+000	7.500000e-001
6.353730371460718e-004	3.478177e+000	1.029948e+000	1.922065e+000	7.500000e-001
6.363730371460718e-004	3.514426e+000	9.396012e-001	1.924071e+000	7.500000e-001
6.373730371460718e-004	3.547502e+000	8.571494e-001	1.926556e+000	7.500000e-001
6.383730371460718e-004	3.577430e+000	7.819273e-001	1.930013e+000	7.500000e-001
6.393730371460719e-004	3.604123e+000	7.133229e-001	1.934821e+000	7.500000e-001
6.403730371460719e-004	3.627454e+000	6.507753e-001	1.940951e+000	7.500000e-001
6.413730371460719e-004	3.647349e+000	5.937717e-001	1.948025e+000	7.500000e-001
6.423730371460719e-004	3.663833e+000	5.418431e-001	1.955602e+000	7.500000e-001
6.433730371460720e-004	3.677009e+000	4.945596e-001	1.963383e+000	7.500000e-001
6.443730371460720e-004	3.687016e+000	4.515270e-001	1.971232e+000	7.500000e-001
6.453730371460720e-004	3.693998e+000	4.123832e-001	1.979101e+000	7.500000e-001
6.463730371460720e-004	3.698085e+000	3.767970e-001	1.986976e+000	7.500000e-001
6.473730371460721e-004	3.699384e+000	3.444653e-001	1.994851e+000	7.500000e-001
6.483730371460721e-004	3.697977e+000	3.151117e-001	2.002725e+000	7.500000e-001
6.493730371460721e-004	3.693920e+000	2.884840e-001	2.010597e+000	7.500000e-001
6.503730371460721e-004	3.687240e+000	2.643534e-001	2.018467e+000	7.500000e-001
6.513730371460722e-004	3.677927e+000	2.425123e-001	2.026335e+000	7.500000e-001
6.523730371460722e-004	3.665932e+000	2.227736e-001	2.034200e+000	7.500000e-001
6.533730371460722e-004	3.651152e+000	2.049689e-001	2.042062e+000	7.500000e-001
6.543730371460722e-004	3.633421e+000	1.889485e-001	2.049921e+000	7.500000e-001
6.553730371460722e-004	3.612485e+000	1.745802e-001	2.057777e+000	7.500000e-001
6.563730371460723e-004	3.587987e+000	1.617502e-001	2.065630e+000	7.500000e-001
6.573730371460723e-004	3.559465e+000	1.503626e-001	2.073479e+000	7.500000e-001
6.583730371460723e-004	3.526386e+000	1.403408e-001	2.081326e+000	7.500000e-001
6.593730371460723e-004	3.488247e+000	1.316277e-001	2.089169e+000	7.500000e-001
6.603730371460724e-004	3.444680e+000	1.241860e-001	2.097008e+000	7.500000e-001
6.613730371460724e-004	3.395506e+000	1.179972e-001	2.104843e+000	7.500000e-001
6.623730371460724e-004	3.340692e+000	1.130612e-001	2.112675e+000	7.500000e-001
6.633730371460724e-004	3.280259e+000	1.093972e-001	2.120502e+000	7.500000e-001
6.643730371460725e-004	3.214242e+000	1.070451e-001	2.128325e+000	7.500000e-001
6.653730371460725e-004	3.142677e+000	1.060698e-001	2.136144e+000	7.500000e-001
6.663730371460725e-004	3.065595e+000	1.065652e-001	2.143959e+000	7.500000e-001
6.673730371460725e-004	2.983032e+000	1.086623e-001	2.151770e+000	7.500000e-001
6.683730371460726e-004	2.895029e+000	1.125400e-001	2.159576e+000	7.500000e-001
6.693730371460726e-004	2.801647e+000	1.184429e-001	2.167379e+000	7.500000e-001
6.703730371460726e-004	2.702976e+000	1.267096e-001	2.175178e+000	7.500000e-001
6.713730371460726e-004	2.599157e+000	1.378228e-001	2.182973e+000	7.500000e-001
6.723730371460727e-004	2.490426e+000	1.525065e-001	2.190766e+000	7.500000e-001
6.733730371460727e-004	2.377198e+000	1.719453e-001	2.198555e+000	7.500000e-001
6.743730371460727e-004	2.260408e+000	1.984823e-001	2.206342e+000	7.500000e-001
6.753730371460727e-004	2.141921e+000	2.394973e-001	2.214126e+000	7.500000e-001
6.761995427404014e-004	2.044306e+000	2.950444e-001	2.220560e+000	7.500000e-001
6.765671440686756e-004	2.001580e+000	3.354277e-001	2.223423e+000	7.500000e-001
6.769522455391392e-004	1.957694e+000	3.958886e-001	2.226421e+000	7.500000e-001
6.773537045134410e-004	1.912771e+000	4.744998e-001	2.229538e+000	7.500000e-001
6.777041926095438e-004	1.874387e+000	5.555811e-001	2.232168e+000	7.500000e-001
6.781948863102754e-004	1.821914e+000	6.820709e-001	2.235415e+000	7.500000e-001
6.786230812129843e-004	1.777255e+000	7.986092e-001	2.237547e+000	7.500000e-001
6.789686089638498e-004	1.742213e+000	8.950446e-001	2.238652e+000	7.500000e-001
6.793719609236299e-004	1.702547e+000	1.008304e+000	2.239518e+000	7.500000e-001
6.799192884759715e-004	1.650507e+000	1.161373e+000	2.240512e+000	7.500000e-001
6.804666788673921e-004	1.600350e+000	1.312720e+000	2.241441e+000	7.500000e-001
6.809799427144453e-004	1.555027e+000	1.452333e+000	2.242267e+000	7.500000e-001
6.813781022194408e-004	1.521069e+000	1.558583e+000	2.242877e+000	7.500000e-001
6.817999981017075e-004	1.486504e+000	1.668278e+000	2.243488e+000	7.500000e-001
6.826437898662410e-004	1.420707e+000	1.880017e+000	2.244622e+000	7.500000e-001
6.836437898662410e-004	1.347354e+000	2.119324e+000	2.245843e+000	7.500000e-001
6.846437898662411e-004	1.279167e+000	2.344652e+000	2.246925e+000	7.500000e-001
6.856437898662411e-004	1.216021e+000	2.555399e+000	2.247866e+000	7.500000e-001
6.866437898662411e-004	1.157573e+000	2.751820e+000	2.248672e+000	7.500000e-001
6.876437898662411e-004	1.103500e+000	2.934372e+000	2.249347e+000	7.500000e-001
6.886437898662412e-004	1.053493e+000	3.103636e+000	2.249895e+000	7.500000e-001
6.896437898662412e-004	1.007263e+000	3.260267e+000	2.250323e+000	7.500000e-001
6.906437898662412e-004	9.645396e-001	3.404961e+000	2.250634e+000	7.500000e-001
6.916437898662412e-004	9.250702e-001	3.538427e+000	2.250835e+000	7.500000e-001
6.926437898662413e-004	8.886184e-001	3.661376e+000	2.250936e+000	7.500000e-001
6.936437898662413e-004	8.549646e-001	3.774503e+000	2.250916e+000	7.500000e-001
6.946437898662413e-004	8.239123e-001	3.878487e+000	2.250595e+000	7.500000e-001
6.956437898662413e-004	7.953076e-001	3.973978e+000	2.249518e+000	7.500000e-001
6.966437898662414e-004	7.690555e-001	4.061598e+000	2.247143e+000	7.500000e-001
6.976437898662414e-004	7.451062e-001	4.141935e+000	2.243227e+000	7.500000e-001
6.986437898662414e-004	7.234126e-001	4.215549e+000	2.237983e+000	7.500000e-001
6.996437898662414e-004	7.038925e-001	4.282960e+000	2.231900e+000	7.500000e-001
7.006437898662415e-004	6.864262e-001	4.344664e+000	2.225442e+000	7.500000e-001
7.016437898662415e-004	6.708782e-001	4.401118e+000	2.218877e+000	7.500000e-001
7.026437898662415e-004	6.571176e-001	4.452754e+000	2.212292e+000	7.500000e-001
7.036437898662415e-004	6.450249e-001	4.499969e+000	2.205706e+000	7.500000e-001
7.046437898662416e-004	6.344913e-001	4.543134e+000	2.199121e+000	7.500000e-001
7.056437898662416e-004	6.254185e-001	4.582588e+000	2.192536e+000	7.500000e-001
7.066437898662416e-004	6.177170e-001	4.618645e+000	2.185953e+000	7.500000e-001
7.076437898662416e-004	6.113063e-001	4.651595e+000	2.179372e+000	7.500000e-001
7.086437898662417e-004	6.061143e-001	4.681701e+000	2.172791e+000	7.500000e-001
7.096437898662417e-004	6.020767e-001	4.709208e+000	2.166212e+000	7.500000e-001
7.106437898662417e-004	5.991369e-001	4.734338e+000	2.159634e+000	7.500000e-001
7.116437898662417e-004	5.972462e-001	4.757295e+000	2.153058e+000	7.500000e-001
7.126437898662418e-004	5.963633e-001	4.778265e+000	2.146483e+000	7.500000e-001
7.136437898662418e-004	5.964548e-001	4.797421e+000	2.139909e+000	7.500000e-001
7.146437898662418e-004	5.974945e-001	4.814915e+000	2.133337e+000	7.500000e-001
7.156437898662418e-004	5.994642e-001	4.830893e+000	2.126766e+000	7.500000e-001
7.166437898662419e-004	6.023543e-001	4.845483e+000	2.120197e+000	7.500000e-001
7.176437898662419e-004	6.061651e-001	4.858806e+000	2.113628e+000	7.500000e-001
7.186437898662419e-004	6.109087e-001	4.870968e+000	2.107062e+000	7.500000e-001
7.196437898662419e-004	6.166112e-001	4.882069e+000	2.100497e+000	7.500000e-001
7.206437898662419e-004	6.233164e-001	4.892198e+000	2.093934e+000	7.500000e-001
7.216437898662420e-004	6.310921e-001	4.901436e+000	2.087371e+000	7.500000e-001
7.226437898662420e-004	6.400399e-001	4.909856e+000	2.080811e+000	7.500000e-001
7.236437898662420e-004	6.503124e-001	4.917523e+000	2.074252e+000	7.500000e-001
7.246437898662420e-004	6.621446e-001	4.924495e+000	2.067694e+000	7.500000e-001
7.256437898662421e-004	6.759115e-001	4.930818e+000	2.061138e+000	7.500000e-001
7.266437898662421e-004	6.922000e-001	4.936531e+000	2.054584e+000	7.500000e-001
7.276437898662421e-004	7.118027e-001	4.941658e+000	2.048031e+000	7.500000e-001
7.286437898662421e-004	7.355399e-001	4.946205e+000	2.041480e+000	7.500000e-001
7.296437898662422e-004	7.640279e-001	4.950151e+000	2.034930e+000	7.500000e-001
7.306437898662422e-004	7.976079e-001	4.953448e+000	2.028381e+000	7.500000e-001
7.316437898662422e-004	8.364257e-001	4.956011e+000	2.021833e+000	7.500000e-001
7.326437898662422e-004	8.805274e-001	4.957713e+000	2.015287e+000	7.500000e-001
7.336437898662423e-004	9.299138e-001	4.958381e+000	2.008743e+000	7.500000e-001
7.346437898662423e-004	9.845617e-001	4.957792e+000	2.002200e+000	7.500000e-001
7.356437898662423e-004	1.044433e+000	4.955665e+000	1.995659e+000	7.500000e-001
7.366437898662423e-004	1.109477e+000	4.951659e+000	1.989119e+000	7.500000e-001
7.376437898662424e-004	1.179639e+000	4.945360e+000	1.982581e+000	7.500000e-001
7.386437898662424e-004	1.254857e+000	4.936271e+000	1.976044e+000	7.500000e-001
7.396437898662424e-004	1.335067e+000	4.923800e+000	1.969508e+000	7.500000e-001
7.406437898662424e-004	1.420202e+000	4.907220e+000	1.962973e+000	7.500000e-001
7.416437898662425e-004	1.510194e+000	4.885632e+000	1.956440e+000	7.500000e-001
7.426437898662425e-004	1.604976e+000	4.857880e+000	1.949908e+000	7.500000e-001
7.436437898662425e-004	1.704482e+000	4.822413e+000	1.943377e+000	7.500000e-001
7.446437898662425e-004	1.808631e+000	4.776930e+000	1.936847e+000	7.500000e-001
7.456437898662426e-004	1.917196e+000	4.717436e+000	1.930318e+000	7.500000e-001
7.466437898662426e-004	2.029532e+000	4.633033e+000	1.923789e+000	7.500000e-001
7.476437898662426e-004	2.144363e+000	4.511786e+000	1.917260e+000	7.500000e-001
7.480766267452930e-004	2.194633e+000	4.437195e+000	1.914434e+000	7.500000e-001
7.484733695843557e-004	2.240932e+000	4.347276e+000	1.911869e+000	7.500000e-001
7.489058740189929e-004	2.291422e+000	4.231435e+000	1.909207e+000	7.500000e-001
7.492076194101021e-004	2.326550e+000	4.141232e+000	1.907629e+000	7.500000e-001
7.494988773061122e-004	2.360250e+000	4.049132e+000	1.906552e+000	7.500000e-001
7.497726349699396e-004	2.391618e+000	3.961503e+000	1.905992e+000	7.500000e-001
7.500922603613158e-004	2.427770e+000	3.859645e+000	1.905737e+000	7.500000e-001
7.504232613758423e-004	2.464649e+000	3.755311e+000	1.905678e+000	7.500000e-001
7.507191063036127e-004	2.497022e+000	3.663552e+000	1.905694e+000	7.500000e-001
7.511227039633360e-004	2.540207e+000	3.541175e+000	1.905757e+000	7.500000e-001
7.516924403608799e-004	2.599435e+000	3.373755e+000	1.905900e+000	7.500000e-001
7.524039634198659e-004	2.670565e+000	3.173701e+000	1.906169e+000	7.500000e-001
7.532962686325737e-004	2.755754e+000	2.935798e+000	1.906632e+000	7.500000e-001
7.540337207465938e-004	2.822595e+000	2.750745e+000	1.907121e+000	7.500000e-001
7.548540856580111e-004	2.892713e+000	2.558540e+000	1.907785e+000	7.500000e-001
7.558540856580111e-004	2.973017e+000	2.340669e+000	1.908727e+000	7.500000e-001
7.568540856580111e-004	3.047976e+000	2.139512e+000	1.909799e+000	7.500000e-001
7.578540856580112e-004	3.117579e+000	1.954807e+000	1.910995e+000	7.500000e-001
7.588540856580112e-004	3.182096e+000	1.785419e+000	1.912302e+000	7.500000e-001
7.598540856580112e-004	3.241804e+000	1.630233e+000	1.913711e+000	7.500000e-001
7.608540856580112e-004	3.296976e+000	1.488178e+000	1.915214e+000	7.500000e-001
7.618540856580112e-004	3.347881e+000	1.358233e+000	1.916803e+000	7.500000e-001
7.628540856580113e-004	3.394784e+000	1.239436e+000	1.918470e+000	7.500000e-001
7.638540856580113e-004	3.437934e+000	1.130890e+000	1.920213e+000	7.500000e-001
7.648540856580113e-004	3.477566e+000	1.031755e+000	1.922039e+000	7.500000e-001
7.658540856580113e-004	3.513882e+000	9.412512e-001	1.924039e+000	7.500000e-001
7.668540856580114e-004	3.547024e+000	8.586558e-001	1.926511e+000	7.500000e-001
7.678540856580114e-004	3.577017e+000	7.833023e-001	1.929944e+000	7.500000e-001
7.688540856580114e-004	3.603777e+000	7.145774e-001	1.934725e+000	7.500000e-001
7.698540856580114e-004	3.627178e+000	6.519195e-001	1.940833e+000	7.500000e-001
7.708540856580115e-004	3.647145e+000	5.948148e-001	1.947893e+000	7.500000e-001
7.718540856580115e-004	3.663698e+000	5.427937e-001	1.955463e+000	7.500000e-001
7.728540856580115e-004	3.676940e+000	4.954255e-001	1.963241e+000	7.500000e-001
7.738540856580115e-004	3.687012e+000	4.523152e-001	1.971089e+000	7.500000e-001
7.748540856580116e-004	3.694057e+000	4.131004e-001	1.978958e+000	7.500000e-001
7.758540856580116e-004	3.698205e+000	3.774491e-001	1.986832e+000	7.500000e-001
7.768540856580116e-004	3.699563e+000	3.450578e-001	1.994708e+000	7.500000e-001
7.778540856580116e-004	3.698214e+000	3.156496e-001	2.002582e+000	7.500000e-001
7.788540856580117e-004	3.694216e+000	2.889719e-001	2.010454e+000	7.500000e-001
7.798540856580117e-004	3.687595e+000	2.647953e-001	2.018323e+000	7.500000e-001
7.808540856580117e-004	3.678344e+000	2.429120e-001	2.026191e+000	7.500000e-001
7.818540856580117e-004	3.666412e+000	2.231343e-001	2.034056e+000	7.500000e-001
7.828540856580118e-004	3.651701e+000	2.052936e-001	2.041918e+000	7.500000e-001
7.838540856580118e-004	3.634044e+000	1.892397e-001	2.049777e+000	7.500000e-001
7.848540856580118e-004	3.613191e+000	1.748403e-001	2.057632e+000	7.500000e-001
7.858540856580118e-004	3.588789e+000	1.619809e-001	2.065485e+000	7.500000e-001
7.868540856580119e-004	3.560375e+000	1.505653e-001	2.073334e+000	7.500000e-001
7.878540856580119e-004	3.527420e+000	1.405164e-001	2.081181e+000	7.500000e-001
7.888540856580119e-004	3.489416e+000	1.317769e-001	2.089023e+000	7.500000e-001
7.898540856580119e-004	3.445990e+000	1.243088e-001	2.096862e+000	7.500000e-001
7.908540856580120e-004	3.396960e+000	1.180932e-001	2.104698e+000	7.500000e-001
7.918540856580120e-004	3.342287e+000	1.131297e-001	2.112529e+000	7.500000e-001
7.928540856580120e-004	3.281993e+000	1.094369e-001	2.120356e+000	7.500000e-001
7.938540856580120e-004	3.216113e+000	1.070543e-001	2.128179e+000	7.500000e-001
7.948540856580121e-004	3.144680e+000	1.060461e-001	2.135998e+000	7.500000e-001
7.958540856580121e-004	3.067725e+000	1.065055e-001	2.143813e+000	7.500000e-001
7.968540856580121e-004	2.985285e+000	1.085624e-001	2.151623e+000	7.500000e-001
7.978540856580121e-004	2.897400e+000	1.123946e-001	2.159430e+000	7.500000e-001
7.988540856580121e-004	2.804130e+000	1.182447e-001	2.167233e+000	7.500000e-001
7.998540856580122e-004	2.705563e+000	1.264487e-001	2.175031e+000	7.500000e-001
8.008540856580122e-004	2.601841e+000	1.374853e-001	2.182827e+000	7.500000e-001
8.018540856580122e-004	2.493195e+000	1.520708e-001	2.190619e+000	7.500000e-001
8.028540856580122e-004	2.380038e+000	1.713745e-001	2.198409e+000	7.500000e-001
8.038540856580123e-004	2.263285e+000	1.976909e-001	2.206195e+000	7.500000e-001
8.048540856580123e-004	2.144799e+000	2.385954e-001	2.213980e+000	7.500000e-001
8.057087757389142e-004	2.043875e+000	2.968458e-001	2.220634e+000	7.500000e-001
8.061228927241283e-004	1.995836e+000	3.443605e-001	2.223858e+000	7.500000e-001
8.066019641397306e-004	1.941488e+000	4.242509e-001	2.227586e+000	7.500000e-001
8.070405875198288e-004	1.892775e+000	5.160104e-001	2.230969e+000	7.500000e-001
8.074174930664756e-004	1.851858e+000	6.077819e-001	2.233728e+000	7.500000e-001
8.078072775548402e-004	1.810528e+000	7.110576e-001	2.236137e+000	7.500000e-001
8.082087881987548e-004	1.768945e+000	8.216015e-001	2.237934e+000	7.500000e-001
8.085247931072350e-004	1.737040e+000	9.100003e-001	2.238854e+000	7.500000e-001
8.089019324208039e-004	1.700006e+000	1.015962e+000	2.239631e+000	7.500000e-001
8.093520210231307e-004	1.657075e+000	1.142003e+000	2.240448e+000	7.500000e-001
8.097911525429932e-004	1.616474e+000	1.263898e+000	2.241202e+000	7.500000e-001
8.102192140529762e-004	1.578069e+000	1.381288e+000	2.241907e+000	7.500000e-001
8.109286356087202e-004	1.517374e+000	1.570864e+000	2.242999e+000	7.500000e-001
8.116084173822538e-004	1.462543e+000	1.745607e+000	2.243959e+000	7.500000e-001
8.126084173822538e-004	1.386371e+000	1.992006e+000	2.245255e+000	7.500000e-001
8.136084173822538e-004	1.315307e+000	2.225174e+000	2.246415e+000	7.500000e-001
8.146084173822538e-004	1.249476e+000	2.443751e+000	2.247431e+000	7.500000e-001
8.156084173822539e-004	1.188527e+000	2.647834e+000	2.248309e+000	7.500000e-001
8.166084173822539e-004	1.132127e+000	2.837784e+000	2.249054e+000	7.500000e-001
8.176084173822539e-004	1.079958e+000	3.014122e+000	2.249670e+000	7.500000e-001
8.186084173822539e-004	1.031720e+000	3.177469e+000	2.250162e+000	7.500000e-001
8.196084173822540e-004	9.871328e-001	3.328501e+000	2.250535e+000	7.500000e-001
8.206084173822540e-004	9.459348e-001	3.467924e+000	2.250794e+000	7.500000e-001
8.216084173822540e-004	9.078802e-001	3.596447e+000	2.250948e+000	7.500000e-001
8.226084173822540e-004	8.727403e-001	3.714776e+000	2.251001e+000	7.500000e-001
8.236084173822541e-004	8.403045e-001	3.823600e+000	2.250881e+000	7.500000e-001
8.246084173822541e-004	8.103933e-001	3.923585e+000	2.250281e+000	7.500000e-001
8.256084173822541e-004	7.828788e-001	4.015368e+000	2.248662e+000	7.500000e-001
8.266084173822541e-004	7.576908e-001	4.099555e+000	2.245577e+000	7.500000e-001
8.276084173822542e-004	7.347868e-001	4.176721e+000	2.240999e+000	7.500000e-001
8.286084173822542e-004	7.141061e-001	4.247408e+000	2.235302e+000	7.500000e-001
8.296084173822542e-004	6.955476e-001	4.312126e+000	2.228998e+000	7.500000e-001
8.306084173822542e-004	6.789809e-001	4.371351e+000	2.222471e+000	7.500000e-001
8.316084173822543e-004	6.642709e-001	4.425530e+000	2.215892e+000	7.500000e-001
8.326084173822543e-004	6.512918e-001	4.475078e+000	2.209306e+000	7.500000e-001
8.336084173822543e-004	6.399292e-001	4.520379e+000	2.202720e+000	7.500000e-001
8.346084173822543e-004	6.300793e-001	4.561790e+000	2.196135e+000	7.500000e-001
8.356084173822544e-004	6.216476e-001	4.599638e+000	2.189551e+000	7.500000e-001
8.366084173822544e-004	6.145492e-001	4.634226e+000	2.182969e+000	7.500000e-001
8.376084173822544e-004	6.087071e-001	4.665832e+000	2.176388e+000	7.500000e-001
8.386084173822544e-004	6.040531e-001	4.694710e+000	2.169808e+000	7.500000e-001
8.396084173822545e-004	6.005265e-001	4.721093e+000	2.163229e+000	7.500000e-001
8.406084173822545e-004	5.980740e-001	4.745195e+000	2.156652e+000	7.500000e-001
8.416084173822545e-004	5.966504e-001	4.767213e+000	2.150076e+000	7.500000e-001
8.426084173822545e-004	5.962176e-001	4.787325e+000	2.143502e+000	7.500000e-001
8.436084173822546e-004	5.967460e-001	4.805695e+000	2.136929e+000	7.500000e-001
8.446084173822546e-004	5.982128e-001	4.822472e+000	2.130357e+000	7.500000e-001
8.456084173822546e-004	6.006038e-001	4.837794e+000	2.123787e+000	7.500000e-001
8.466084173822546e-004	6.039138e-001	4.851785e+000	2.117218e+000	7.500000e-001
8.476084173822547e-004	6.081482e-001	4.864559e+000	2.110651e+000	7.500000e-001
8.486084173822547e-004	6.133249e-001	4.876220e+000	2.104085e+000	7.500000e-001
8.496084173822547e-004	6.194776e-001	4.886862e+000	2.097521e+000	7.500000e-001
8.506084173822547e-004	6.266602e-001	4.896570e+000	2.090958e+000	7.500000e-001
8.516084173822547e-004	6.349541e-001	4.905422e+000	2.084396e+000	7.500000e-001
8.526084173822548e-004	6.444811e-001	4.913487e+000	2.077837e+000	7.500000e-001
8.536084173822548e-004	6.554261e-001	4.920827e+000	2.071278e+000	7.500000e-001
8.546084173822548e-004	6.680787e-001	4.927494e+000	2.064722e+000	7.500000e-001
8.556084173822548e-004	6.829022e-001	4.933532e+000	2.058166e+000	7.500000e-001
8.566084173822549e-004	7.005869e-001	4.938973e+000	2.051613e+000	7.500000e-001
8.576084173822549e-004	7.219685e-001	4.943834e+000	2.045060e+000	7.500000e-001
8.586084173822549e-004	7.477978e-001	4.948110e+000	2.038510e+000	7.500000e-001
8.596084173822549e-004	7.785645e-001	4.951767e+000	2.031960e+000	7.500000e-001
8.606084173822550e-004	8.145077e-001	4.954741e+000	2.025412e+000	7.500000e-001
8.616084173822550e-004	8.557177e-001	4.956930e+000	2.018865e+000	7.500000e-001
8.626084173822550e-004	9.022158e-001	4.958186e+000	2.012320e+000	7.500000e-001
8.636084173822550e-004	9.539905e-001	4.958314e+000	2.005777e+000	7.500000e-001
8.646084173822551e-004	1.011011e+000	4.957066e+000	1.999234e+000	7.500000e-001
8.656084173822551e-004	1.073233e+000	4.954134e+000	1.992694e+000	7.500000e-001
8.666084173822551e-004	1.140604e+000	4.949144e+000	1.986154e+000	7.500000e-001
8.676084173822551e-004	1.213066e+000	4.941647e+000	1.979617e+000	7.500000e-001
8.686084173822552e-004	1.290554e+000	4.931105e+000	1.973080e+000	7.500000e-001
8.696084173822552e-004	1.373004e+000	4.916872e+000	1.966545e+000	7.500000e-001
8.706084173822552e-004	1.460350e+000	4.898151e+000	1.960011e+000	7.500000e-001
8.716084173822552e-004	1.552523e+000	4.873936e+000	1.953478e+000	7.500000e-001
8.726084173822553e-004	1.649456e+000	4.842917e+000	1.946947e+000	7.500000e-001
8.736084173822553e-004	1.751084e+000	4.803263e+000	1.940416e+000	7.500000e-001
8.746084173822553e-004	1.857283e+000	4.752105e+000	1.933887e+000	7.500000e-001
8.756084173822553e-004	1.967669e+000	4.683655e+000	1.927358e+000	7.500000e-001
8.766084173822554e-004	2.081288e+000	4.585271e+000	1.920829e+000	7.500000e-001
8.774210578542242e-004	2.175196e+000	4.468796e+000	1.915523e+000	7.500000e-001
8.778330680763513e-004	2.223188e+000	4.387205e+000	1.912835e+000	7.500000e-001
8.781567022604998e-004	2.260984e+000	4.307005e+000	1.910762e+000	7.500000e-001
8.785163389335249e-004	2.302905e+000	4.204502e+000	1.908731e+000	7.500000e-001
8.790243535083353e-004	2.361795e+000	4.047705e+000	1.906592e+000	7.500000e-001
8.793014126449145e-004	2.393569e+000	3.959604e+000	1.905954e+000	7.500000e-001
8.796388580700328e-004	2.431713e+000	3.852056e+000	1.905696e+000	7.500000e-001
8.799669458442542e-004	2.468231e+000	3.748680e+000	1.905643e+000	7.500000e-001
8.802635929137970e-004	2.500652e+000	3.656740e+000	1.905662e+000	7.500000e-001
8.806624027549771e-004	2.543240e+000	3.536026e+000	1.905727e+000	7.500000e-001
8.812862887711331e-004	2.607924e+000	3.353168e+000	1.905890e+000	7.500000e-001
8.819859471117594e-004	2.677691e+000	3.156948e+000	1.906160e+000	7.500000e-001
8.828227723352634e-004	2.757400e+000	2.934345e+000	1.906600e+000	7.500000e-001
8.835490338060596e-004	2.823158e+000	2.752252e+000	1.907084e+000	7.500000e-001
8.843658012100522e-004	2.892977e+000	2.560784e+000	1.907744e+000	7.500000e-001
8.853658012100522e-004	2.973310e+000	2.342727e+000	1.908685e+000	7.500000e-001
8.863658012100523e-004	3.048299e+000	2.141384e+000	1.909756e+000	7.500000e-001
8.873658012100523e-004	3.117929e+000	1.956508e+000	1.910951e+000	7.500000e-001
8.883658012100523e-004	3.182471e+000	1.786964e+000	1.912258e+000	7.500000e-001
8.893658012100523e-004	3.242200e+000	1.631637e+000	1.913666e+000	7.500000e-001
8.903658012100524e-004	3.297391e+000	1.489452e+000	1.915168e+000	7.500000e-001
8.913658012100524e-004	3.348312e+000	1.359390e+000	1.916755e+000	7.500000e-001
8.923658012100524e-004	3.395224e+000	1.240488e+000	1.918422e+000	7.500000e-001
8.933658012100524e-004	3.438376e+000	1.131845e+000	1.920164e+000	7.500000e-001
8.943658012100525e-004	3.478005e+000	1.032620e+000	1.921989e+000	7.500000e-001
8.953658012100525e-004	3.514319e+000	9.420342e-001	1.923987e+000	7.500000e-001
8.963658012100525e-004	3.547459e+000	8.593643e-001	1.926451e+000	7.500000e-001
8.973658012100525e-004	3.577454e+000	7.839432e-001	1.929874e+000	7.500000e-001
8.983658012100526e-004	3.604219e+000	7.151571e-001	1.934641e+000	7.500000e-001
8.993658012100526e-004	3.627628e+000	6.524436e-001	1.940739e+000	7.500000e-001
9.003658012100526e-004	3.647605e+000	5.952885e-001	1.947792e+000	7.500000e-001
9.013658012100526e-004	3.664171e+000	5.432216e-001	1.955359e+000	7.500000e-001
9.023658012100527e-004	3.677428e+000	4.958118e-001	1.963137e+000	7.500000e-001
9.033658012100527e-004	3.687515e+000	4.526636e-001	1.970984e+000	7.500000e-001
9.043658012100527e-004	3.694577e+000	4.134143e-001	1.978853e+000	7.500000e-001
9.053658012100527e-004	3.698742e+000	3.777317e-001	1.986727e+000	7.500000e-001
9.063658012100527e-004	3.700119e+000	3.453118e-001	1.994601e+000	7.500000e-001
9.073658012100528e-004	3.698793e+000	3.158773e-001	2.002475e+000	7.500000e-001
9.083658012100528e-004	3.694819e+000	2.891756e-001	2.010347e+000	7.500000e-001
9.093658012100528e-004	3.688225e+000	2.649770e-001	2.018217e+000	7.500000e-001
9.103658012100528e-004	3.679004e+000	2.430734e-001	2.026084e+000	7.500000e-001
9.113658012100529e-004	3.667108e+000	2.232769e-001	2.033948e+000	7.500000e-001
9.123658012100529e-004	3.652437e+000	2.054188e-001	2.041810e+000	7.500000e-001
9.133658012100529e-004	3.634828e+000	1.893485e-001	2.049669e+000	7.500000e-001
9.143658012100529e-004	3.614032e+000	1.749335e-001	2.057525e+000	7.500000e-001
9.153658012100530e-004	3.589697e+000	1.620591e-001	2.065377e+000	7.500000e-001
9.163658012100530e-004	3.561366e+000	1.506288e-001	2.073226e+000	7.500000e-001
9.173658012100530e-004	3.528506e+000	1.405652e-001	2.081072e+000	7.500000e-001
9.183658012100530e-004	3.490609e+000	1.318107e-001	2.088915e+000	7.500000e-001
9.193658012100531e-004	3.447297e+000	1.243269e-001	2.096754e+000	7.500000e-001
9.203658012100531e-004	3.398382e+000	1.180947e-001	2.104589e+000	7.500000e-001
9.213658012100531e-004	3.343823e+000	1.131132e-001	2.112420e+000	7.500000e-001
9.223658012100531e-004	3.283640e+000	1.094008e-001	2.120247e+000	7.500000e-001
9.233658012100532e-004	3.217869e+000	1.069966e-001	2.128070e+000	7.500000e-001
9.243658012100532e-004	3.146540e+000	1.059642e-001	2.135889e+000	7.500000e-001
9.253658012100532e-004	3.069687e+000	1.063962e-001	2.143703e+000	7.500000e-001
9.263658012100532e-004	2.987342e+000	1.084218e-001	2.151514e+000	7.500000e-001
9.273658012100533e-004	2.899548e+000	1.122177e-001	2.159320e+000	7.500000e-001
9.283658012100533e-004	2.806361e+000	1.180250e-001	2.167123e+000	7.500000e-001
9.293658012100533e-004	2.707871e+000	1.261774e-001	2.174922e+000	7.500000e-001
9.303658012100533e-004	2.604219e+000	1.371501e-001	2.182717e+000	7.500000e-001
9.313658012100534e-004	2.495634e+000	1.516533e-001	2.190509e+000	7.500000e-001
9.323658012100534e-004	2.382523e+000	1.708430e-001	2.198299e+000	7.500000e-001
9.333658012100534e-004	2.265791e+000	1.969741e-001	2.206085e+000	7.500000e-001
9.343658012100534e-004	2.147285e+000	2.375340e-001	2.213870e+000	7.500000e-001
9.352305959345301e-004	2.045160e+000	2.966512e-001	2.220602e+000	7.500000e-001
9.356884874077009e-004	1.992083e+000	3.501369e-001	2.224167e+000	7.500000e-001
9.362077332001543e-004	1.933330e+000	4.394997e-001	2.228204e+000	7.500000e-001
9.366947893381419e-004	1.879597e+000	5.459814e-001	2.231882e+000	7.500000e-001
9.372191854049002e-004	1.823367e+000	6.789217e-001	2.235356e+000	7.500000e-001
9.377167466872763e-004	1.771488e+000	8.141610e-001	2.237811e+000	7.500000e-001
9.380314192554788e-004	1.739612e+000	9.020011e-001	2.238798e+000	7.500000e-001
9.384110017344515e-004	1.702365e+000	1.008605e+000	2.239590e+000	7.500000e-001
9.390016609977350e-004	1.646359e+000	1.173663e+000	2.240655e+000	7.500000e-001
9.395904756409871e-004	1.592523e+000	1.336323e+000	2.241651e+000	7.500000e-001
9.403873869234445e-004	1.523374e+000	1.551042e+000	2.242903e+000	7.500000e-001
9.408147606509608e-004	1.488311e+000	1.662268e+000	2.243522e+000	7.500000e-001
9.416695081059937e-004	1.421562e+000	1.876986e+000	2.244673e+000	7.500000e-001
9.426695081059937e-004	1.348123e+000	2.116512e+000	2.245897e+000	7.500000e-001
9.436695081059938e-004	1.279871e+000	2.342024e+000	2.246981e+000	7.500000e-001
9.446695081059938e-004	1.216666e+000	2.552952e+000	2.247923e+000	7.500000e-001
9.456695081059938e-004	1.158164e+000	2.749547e+000	2.248731e+000	7.500000e-001
9.466695081059938e-004	1.104039e+000	2.932266e+000	2.249407e+000	7.500000e-001
9.476695081059939e-004	1.053985e+000	3.101689e+000	2.249957e+000	7.500000e-001
9.486695081059939e-004	1.007714e+000	3.258472e+000	2.250386e+000	7.500000e-001
9.496695081059939e-004	9.649600e-001	3.403311e+000	2.250699e+000	7.500000e-001
9.506695081059939e-004	9.254754e-001	3.536914e+000	2.250903e+000	7.500000e-001
9.516695081059940e-004	8.890181e-001	3.659987e+000	2.251006e+000	7.500000e-001
9.526695081059940e-004	8.553607e-001	3.773229e+000	2.250989e+000	7.500000e-001
9.536695081059940e-004	8.243041e-001	3.877319e+000	2.250678e+000	7.500000e-001
9.546695081059940e-004	7.956934e-001	3.972907e+000	2.249621e+000	7.500000e-001
9.556695081059941e-004	7.694329e-001	4.060616e+000	2.247274e+000	7.500000e-001
9.566695081059941e-004	7.454728e-001	4.141037e+000	2.243387e+000	7.500000e-001
9.576695081059941e-004	7.237665e-001	4.214725e+000	2.238167e+000	7.500000e-001
9.586695081059941e-004	7.042331e-001	4.282207e+000	2.232095e+000	7.500000e-001
9.596695081059941e-004	6.867536e-001	4.343975e+000	2.225642e+000	7.500000e-001
9.606695081059942e-004	6.711931e-001	4.400489e+000	2.219078e+000	7.500000e-001
9.616695081059942e-004	6.574204e-001	4.452179e+000	2.212493e+000	7.500000e-001
9.626695081059942e-004	6.453161e-001	4.499444e+000	2.205907e+000	7.500000e-001
9.636695081059942e-004	6.347716e-001	4.542654e+000	2.199322e+000	7.500000e-001
9.646695081059943e-004	6.256882e-001	4.582149e+000	2.192737e+000	7.500000e-001
9.656695081059943e-004	6.179767e-001	4.618245e+000	2.186154e+000	7.500000e-001
9.666695081059943e-004	6.115564e-001	4.651229e+000	2.179572e+000	7.500000e-001
9.676695081059943e-004	6.063553e-001	4.681367e+000	2.172992e+000	7.500000e-001
9.686695081059944e-004	6.023090e-001	4.708903e+000	2.166413e+000	7.500000e-001
9.696695081059944e-004	5.993611e-001	4.734060e+000	2.159835e+000	7.500000e-001
9.706695081059944e-004	5.974625e-001	4.757041e+000	2.153258e+000	7.500000e-001
9.716695081059944e-004	5.965721e-001	4.778033e+000	2.146683e+000	7.500000e-001
9.726695081059945e-004	5.966565e-001	4.797208e+000	2.140110e+000	7.500000e-001
9.736695081059945e-004	5.976896e-001	4.814721e+000	2.133537e+000	7.500000e-001
9.746695081059945e-004	5.996529e-001	4.830716e+000	2.126966e+000	7.500000e-001
9.756695081059945e-004	6.025369e-001	4.845322e+000	2.120397e+000	7.500000e-001
9.766695081059945e-004	6.063420e-001	4.858658e+000	2.113829e+000	7.500000e-001
9.776695081059944e-004	6.110802e-001	4.870833e+000	2.107262e+000	7.500000e-001
9.786695081059943e-004	6.167774e-001	4.881946e+000	2.100697e+000	7.500000e-001
9.796695081059942e-004	6.234776e-001	4.892085e+000	2.094134e+000	7.500000e-001
9.806695081059941e-004	6.312486e-001	4.901333e+000	2.087571e+000	7.500000e-001
9.816695081059940e-004	6.401917e-001	4.909762e+000	2.081011e+000	7.500000e-001
9.826695081059940e-004	6.504594e-001	4.917437e+000	2.074452e+000	7.500000e-001
9.836695081059939e-004	6.622869e-001	4.924415e+000	2.067894e+000	7.500000e-001
9.846695081059938e-004	6.760488e-001	4.930745e+000	2.061338e+000	7.500000e-001
9.856695081059937e-004	6.923316e-001	4.936464e+000	2.054784e+000	7.500000e-001
9.866695081059936e-004	7.119276e-001	4.941597e+000	2.048231e+000	7.500000e-001
9.876695081059935e-004	7.356570e-001	4.946147e+000	2.041679e+000	7.500000e-001
9.886695081059934e-004	7.641366e-001	4.950098e+000	2.035129e+000	7.500000e-001
9.896695081059934e-004	7.977075e-001	4.953399e+000	2.028580e+000	7.500000e-001
9.906695081059933e-004	8.365158e-001	4.955965e+000	2.022033e+000	7.500000e-001
9.916695081059932e-004	8.806078e-001	4.957670e+000	2.015487e+000	7.500000e-001
9.926695081059931e-004	9.299844e-001	4.958341e+000	2.008943e+000	7.500000e-001
9.936695081059930e-004	9.846225e-001	4.957754e+000	2.002400e+000	7.500000e-001
9.946695081059929e-004	1.044484e+000	4.955630e+000	1.995859e+000	7.500000e-001
9.956695081059929e-004	1.109519e+000	4.951627e+000	1.989319e+000	7.500000e-001
9.966695081059928e-004	1.179672e+000	4.945331e+000	1.982780e+000	7.500000e-001
9.976695081059927e-004	1.254881e+000	4.936246e+000	1.976243e+000	7.500000e-001
9.986695081059926e-004	1.335083e+000	4.923779e+000	1.969707e+000	7.500000e-001
9.996695081059925e-004	1.419399e+000	4.908062e+000	1.963172e+000	7.500000e-001
1.000000000000000e-003	1.448208e+000	4.902024e+000	1.961013e+000	7.500000e-001
